UPN,N_Y,E_X,Elv_Z,Source,Date_Scanned
269,364967.679,2257831.03,886.713,BS_INV-34_B_S01,1/20/2026
270,364914.411,2257831.029,885.588,BS_INV-34_B_S01,1/20/2026
313,364941.007,2257831.039,886.104,BS_INV-34_B_S01,1/20/2026
316,364914.53,2257850.556,886.034,BS_INV-34_B_S01,1/20/2026
317,364941.132,2257850.591,886.59,BS_INV-34_B_S01,1/20/2026
318,364967.624,2257850.615,886.963,BS_INV-34_B_S01,1/20/2026
319,364492.515,2257831.016,889.1,BS_INV-34_B_S01,1/20/2026
320,364519.062,2257830.98,888.578,BS_INV-34_B_S01,1/20/2026
321,364545.597,2257830.967,887.535,BS_INV-34_B_S01,1/20/2026
322,364572.175,2257830.962,886.526,BS_INV-34_B_S01,1/20/2026
323,364598.825,2257830.993,885.703,BS_INV-34_B_S01,1/20/2026
324,364887.872,2257850.644,885.246,BS_INV-34_B_S01,1/20/2026
325,364625.269,2257831.016,884.76,BS_INV-34_B_S01,1/20/2026
326,364678.556,2257830.98,883.546,BS_INV-34_B_S01,1/20/2026
327,364705.154,2257830.997,882.98,BS_INV-34_B_S01,1/20/2026
328,364754.958,2257830.992,881.839,BS_INV-34_B_S01,1/20/2026
329,364781.562,2257830.985,881.761,BS_INV-34_B_S01,1/20/2026
330,364808.152,2257830.996,881.881,BS_INV-34_B_S01,1/20/2026
331,364834.734,2257830.998,882.326,BS_INV-34_B_S01,1/20/2026
332,364861.283,2257831.006,883.426,BS_INV-34_B_S01,1/20/2026
333,364887.919,2257831.047,884.511,BS_INV-34_B_S01,1/20/2026
334,364651.679,2257830.988,884.086,BS_INV-34_B_S01,1/20/2026
335,364861.333,2257850.553,884.333,BS_INV-34_B_S01,1/20/2026
336,364834.762,2257850.537,883.436,BS_INV-34_B_S01,1/20/2026
337,364808.199,2257850.581,883.312,BS_INV-34_B_S01,1/20/2026
346,364492.374,2257850.548,890.246,BS_INV-34_B_S01,1/20/2026
347,364519.056,2257850.603,889.56,BS_INV-34_B_S01,1/20/2026
348,364545.65,2257850.617,888.555,BS_INV-34_B_S01,1/20/2026
349,364572.205,2257850.593,887.738,BS_INV-34_B_S01,1/20/2026
350,364598.784,2257850.612,886.943,BS_INV-34_B_S01,1/20/2026
351,364625.418,2257850.628,886.319,BS_INV-34_B_S01,1/20/2026
352,364651.959,2257850.633,885.75,BS_INV-34_B_S01,1/20/2026
353,364678.535,2257850.638,884.996,BS_INV-34_B_S01,1/20/2026
354,364705.103,2257850.673,884.224,BS_INV-34_B_S01,1/20/2026
355,364754.961,2257850.595,883.037,BS_INV-34_B_S01,1/20/2026
356,364781.628,2257850.684,883.136,BS_INV-34_B_S01,1/20/2026
1169,365095.861,2257714.022,884.214,BS_INV-34_B_S01,1/20/2026
1170,365122.471,2257714.088,884.644,BS_INV-34_B_S01,1/20/2026
1171,365149.046,2257714.06,884.908,BS_INV-34_B_S01,1/20/2026
1172,365175.645,2257714.092,885.213,BS_INV-34_B_S01,1/20/2026
1173,365202.274,2257714.053,885.56,BS_INV-34_B_S01,1/20/2026
1174,365252.062,2257714.034,886.021,BS_INV-34_B_S01,1/20/2026
1175,365278.661,2257713.986,886.103,BS_INV-34_B_S01,1/20/2026
1176,365305.301,2257714.088,886.232,BS_INV-34_B_S01,1/20/2026
1177,365069.272,2257714.074,884.038,BS_INV-34_B_S01,1/20/2026
1178,365331.857,2257714.137,886.602,BS_INV-34_B_S01,1/20/2026
1179,365385.059,2257714.054,887.169,BS_INV-34_B_S01,1/20/2026
1180,365411.569,2257714.074,887.247,BS_INV-34_B_S01,1/20/2026
1181,365438.2,2257714.08,887.287,BS_INV-34_B_S01,1/20/2026
1182,365464.839,2257714.04,887.123,BS_INV-34_B_S01,1/20/2026
1187,365358.471,2257714.07,886.823,BS_INV-34_B_S01,1/20/2026
1188,365042.702,2257714.075,883.618,BS_INV-34_B_S01,1/20/2026
1189,365016.163,2257714.056,882.932,BS_INV-34_B_S01,1/20/2026
1190,364989.559,2257714.066,882.16,BS_INV-34_B_S01,1/20/2026
1192,364989.566,2257694.57,882.094,BS_INV-34_B_S01,1/20/2026
1193,365016.197,2257694.548,882.909,BS_INV-34_B_S01,1/20/2026
1194,365042.687,2257694.635,884.179,BS_INV-34_B_S01,1/20/2026
1195,365069.268,2257694.581,884.418,BS_INV-34_B_S01,1/20/2026
1196,365095.885,2257694.594,884.606,BS_INV-34_B_S01,1/20/2026
1197,365122.503,2257694.59,884.751,BS_INV-34_B_S01,1/20/2026
1198,365149.044,2257694.59,885.102,BS_INV-34_B_S01,1/20/2026
1199,365175.67,2257694.536,885.321,BS_INV-34_B_S01,1/20/2026
1200,365202.238,2257694.517,885.479,BS_INV-34_B_S01,1/20/2026
1201,365252.09,2257694.504,886.027,BS_INV-34_B_S01,1/20/2026
1202,365278.602,2257694.515,886.251,BS_INV-34_B_S01,1/20/2026
1203,365305.27,2257694.547,886.468,BS_INV-34_B_S01,1/20/2026
1204,365331.82,2257694.576,886.744,BS_INV-34_B_S01,1/20/2026
1205,365358.506,2257694.619,886.847,BS_INV-34_B_S01,1/20/2026
1206,365385.062,2257694.65,887.043,BS_INV-34_B_S01,1/20/2026
1207,365411.662,2257694.58,887.303,BS_INV-34_B_S01,1/20/2026
1208,365438.234,2257694.565,887.187,BS_INV-34_B_S01,1/20/2026
1209,365464.822,2257694.535,887.254,BS_INV-34_B_S01,1/20/2026
1618,364492.389,2258104.044,894.321,BS_INV-34_B_S01,1/20/2026
1619,364519.174,2258103.986,894.601,BS_INV-34_B_S01,1/20/2026
1620,364545.711,2258103.973,894.566,BS_INV-34_B_S01,1/20/2026
1621,364572.339,2258103.995,894.157,BS_INV-34_B_S01,1/20/2026
1622,364598.812,2258104.089,893.128,BS_INV-34_B_S01,1/20/2026
1623,364625.378,2258103.982,892.13,BS_INV-34_B_S01,1/20/2026
1624,364651.934,2258104.02,890.733,BS_INV-34_B_S01,1/20/2026
1625,364678.596,2258104.035,889.724,BS_INV-34_B_S01,1/20/2026
1627,364705.125,2258103.952,889.321,BS_INV-34_B_S01,1/20/2026
1628,364781.534,2258103.987,888.379,BS_INV-34_B_S01,1/20/2026
1629,364808.176,2258103.93,888.131,BS_INV-34_B_S01,1/20/2026
1630,364834.784,2258103.958,887.966,BS_INV-34_B_S01,1/20/2026
1631,364861.432,2258103.964,887.809,BS_INV-34_B_S01,1/20/2026
1632,364887.949,2258103.982,887.936,BS_INV-34_B_S01,1/20/2026
1633,364914.574,2258103.954,887.772,BS_INV-34_B_S01,1/20/2026
1634,364967.695,2258103.993,887.415,BS_INV-34_B_S01,1/20/2026
1635,364492.572,2258084.476,894.794,BS_INV-34_B_S01,1/20/2026
1636,364755.018,2258103.976,888.608,BS_INV-34_B_S01,1/20/2026
1659,364519.113,2258084.534,894.883,BS_INV-34_B_S01,1/20/2026
1661,364545.672,2258084.466,894.888,BS_INV-34_B_S01,1/20/2026
1662,364598.801,2258084.434,893.787,BS_INV-34_B_S01,1/20/2026
1663,364781.565,2257987.025,888.613,BS_INV-34_B_S01,1/20/2026
1664,364808.205,2257987.085,888.642,BS_INV-34_B_S01,1/20/2026
1665,364834.769,2257987.085,888.361,BS_INV-34_B_S01,1/20/2026
1666,364861.348,2257987.036,888.275,BS_INV-34_B_S01,1/20/2026
1667,364887.858,2257987.03,888.365,BS_INV-34_B_S01,1/20/2026
1668,364914.449,2257987.073,888.084,BS_INV-34_B_S01,1/20/2026
1669,364941.078,2257987.124,888.232,BS_INV-34_B_S01,1/20/2026
1670,364967.719,2257987.101,888.168,BS_INV-34_B_S01,1/20/2026
1671,364754.978,2257987.071,888.975,BS_INV-34_B_S01,1/20/2026
1672,364492.47,2257967.51,894.722,BS_INV-34_B_S01,1/20/2026
1673,364545.654,2257967.516,894.101,BS_INV-34_B_S01,1/20/2026
1674,364572.16,2257967.522,893.198,BS_INV-34_B_S01,1/20/2026
1675,364598.798,2257967.534,892.084,BS_INV-34_B_S01,1/20/2026
1676,364625.315,2257967.548,890.673,BS_INV-34_B_S01,1/20/2026
1677,364651.948,2257967.547,889.935,BS_INV-34_B_S01,1/20/2026
1678,364678.481,2257967.593,889.508,BS_INV-34_B_S01,1/20/2026
1679,364705.123,2257967.586,889.087,BS_INV-34_B_S01,1/20/2026
1680,364754.941,2257967.58,888.623,BS_INV-34_B_S01,1/20/2026
1681,364519.051,2257967.489,894.457,BS_INV-34_B_S01,1/20/2026
1682,364705.07,2257987.064,889.411,BS_INV-34_B_S01,1/20/2026
1683,364678.564,2257987.117,889.795,BS_INV-34_B_S01,1/20/2026
1684,364651.951,2257987.061,890.326,BS_INV-34_B_S01,1/20/2026
1685,364625.509,2258084.485,892.222,BS_INV-34_B_S01,1/20/2026
1686,364652.091,2258084.448,891.084,BS_INV-34_B_S01,1/20/2026
1687,364678.546,2258084.506,890.051,BS_INV-34_B_S01,1/20/2026
1688,364705.11,2258084.496,889.481,BS_INV-34_B_S01,1/20/2026
1689,364755.002,2258084.442,888.86,BS_INV-34_B_S01,1/20/2026
1690,364781.592,2258084.485,888.588,BS_INV-34_B_S01,1/20/2026
1691,364808.164,2258084.496,888.199,BS_INV-34_B_S01,1/20/2026
1692,364834.797,2258084.468,888.069,BS_INV-34_B_S01,1/20/2026
1693,364861.417,2258084.485,888.018,BS_INV-34_B_S01,1/20/2026
1694,364887.884,2258084.469,888.244,BS_INV-34_B_S01,1/20/2026
1695,364914.485,2258084.512,888.298,BS_INV-34_B_S01,1/20/2026
1696,364941.155,2258084.439,887.949,BS_INV-34_B_S01,1/20/2026
1697,364967.732,2258084.475,887.755,BS_INV-34_B_S01,1/20/2026
1698,364492.363,2257986.971,895.094,BS_INV-34_B_S01,1/20/2026
1699,364519.08,2257987.101,894.807,BS_INV-34_B_S01,1/20/2026
1700,364545.695,2257987.022,894.592,BS_INV-34_B_S01,1/20/2026
1701,364572.207,2257987.069,893.981,BS_INV-34_B_S01,1/20/2026
1702,364598.725,2257987.056,892.592,BS_INV-34_B_S01,1/20/2026
1703,364625.356,2257987.052,891.448,BS_INV-34_B_S01,1/20/2026
1704,364572.315,2258084.461,894.455,BS_INV-34_B_S01,1/20/2026
1975,364781.484,2257967.558,888.546,BS_INV-34_B_S01,1/20/2026
2156,364808.119,2257967.569,888.236,BS_INV-34_B_S01,1/20/2026
2157,364861.393,2257967.509,887.802,BS_INV-34_B_S01,1/20/2026
2629,364887.877,2257967.53,887.975,BS_INV-34_B_S01,1/20/2026
2630,364914.502,2257967.535,887.918,BS_INV-34_B_S01,1/20/2026
2631,364941.13,2257967.58,887.997,BS_INV-34_B_S01,1/20/2026
2632,364967.64,2257967.58,888.012,BS_INV-34_B_S01,1/20/2026
2694,364834.754,2257967.513,888.023,BS_INV-34_B_S01,1/20/2026
2875,364941.169,2258103.999,887.46,BS_INV-34_B_S01,1/20/2026
5758,364729.975,2257850.536,883.696,BS_INV-34_B_S01,1/20/2026
5759,364729.984,2257831.054,882.602,BS_INV-34_B_S01,1/20/2026
5770,365227.193,2257694.554,885.568,BS_INV-34_B_S01,1/20/2026
5821,365227.151,2257714.013,885.631,BS_INV-34_B_S01,1/20/2026
5833,364729.974,2257967.584,889.086,BS_INV-34_B_S01,1/20/2026
5851,364729.975,2258104.058,889.017,BS_INV-34_B_S01,1/20/2026
5864,364730.011,2258084.569,889.277,BS_INV-34_B_S01,1/20/2026
5876,364729.982,2257987.087,889.004,BS_INV-34_B_S01,1/20/2026
6091,364781.545,2257948.014,888.353,BS_INV-34_B_S01,1/20/2026
6093,364941.121,2257948.021,887.81,BS_INV-34_B_S01,1/20/2026
6094,364705.161,2257947.999,888.761,BS_INV-34_B_S01,1/20/2026
6095,364914.481,2257948.007,887.581,BS_INV-34_B_S01,1/20/2026
6096,364861.302,2257948.014,887.438,BS_INV-34_B_S01,1/20/2026
6097,364834.696,2257948.045,887.726,BS_INV-34_B_S01,1/20/2026
6098,364808.155,2257948.031,887.937,BS_INV-34_B_S01,1/20/2026
6099,364754.976,2257948.004,888.321,BS_INV-34_B_S01,1/20/2026
6101,364887.905,2257948.05,887.572,BS_INV-34_B_S01,1/20/2026
6114,364678.523,2257948.025,889.099,BS_INV-34_B_S01,1/20/2026
6118,364651.987,2257948.042,889.48,BS_INV-34_B_S01,1/20/2026
6120,364598.841,2257948.056,891.299,BS_INV-34_B_S01,1/20/2026
6134,364625.372,2257948,890.158,BS_INV-34_B_S01,1/20/2026
6147,364545.669,2257947.981,893.313,BS_INV-34_B_S01,1/20/2026
6148,364572.207,2257947.986,892.173,BS_INV-34_B_S01,1/20/2026
6342,365175.67,2257811.537,885.705,BS_INV-34_B_S01,1/20/2026
6534,365069.293,2257791.995,885.069,BS_INV-34_B_S01,1/20/2026
6535,365149.109,2257831.049,886.123,BS_INV-34_B_S01,1/20/2026
6536,365175.678,2257831.017,886.242,BS_INV-34_B_S01,1/20/2026
6537,365202.235,2257831.005,885.964,BS_INV-34_B_S01,1/20/2026
6538,365252.138,2257831.042,886.338,BS_INV-34_B_S01,1/20/2026
6539,365278.811,2257831.027,886.462,BS_INV-34_B_S01,1/20/2026
6540,365305.246,2257831.011,886.4,BS_INV-34_B_S01,1/20/2026
6541,365331.89,2257831.023,886.593,BS_INV-34_B_S01,1/20/2026
6542,365358.487,2257831.067,886.662,BS_INV-34_B_S01,1/20/2026
6543,365385.128,2257830.995,886.85,BS_INV-34_B_S01,1/20/2026
6544,365411.71,2257831.048,887.38,BS_INV-34_B_S01,1/20/2026
6545,365438.255,2257831.067,887.593,BS_INV-34_B_S01,1/20/2026
6546,365042.718,2257850.585,886.393,BS_INV-34_B_S01,1/20/2026
6547,365069.477,2257850.55,886.33,BS_INV-34_B_S01,1/20/2026
6548,365122.538,2257830.998,886.05,BS_INV-34_B_S01,1/20/2026
6549,365095.968,2257850.591,886.339,BS_INV-34_B_S01,1/20/2026
6550,365149.097,2257850.621,886.276,BS_INV-34_B_S01,1/20/2026
6551,365175.681,2257850.627,886.162,BS_INV-34_B_S01,1/20/2026
6552,365202.312,2257850.619,885.982,BS_INV-34_B_S01,1/20/2026
6553,365252.177,2257850.58,886.212,BS_INV-34_B_S01,1/20/2026
6554,365278.812,2257850.622,886.516,BS_INV-34_B_S01,1/20/2026
6555,365305.321,2257850.487,886.564,BS_INV-34_B_S01,1/20/2026
6556,365331.912,2257850.62,886.683,BS_INV-34_B_S01,1/20/2026
6557,365358.527,2257850.598,886.726,BS_INV-34_B_S01,1/20/2026
6558,365385.119,2257850.575,886.901,BS_INV-34_B_S01,1/20/2026
6559,365411.68,2257850.642,887.103,BS_INV-34_B_S01,1/20/2026
6560,365438.316,2257850.638,887.409,BS_INV-34_B_S01,1/20/2026
6563,365122.55,2257850.557,886.257,BS_INV-34_B_S01,1/20/2026
6564,365042.75,2257792.005,885.117,BS_INV-34_B_S01,1/20/2026
6565,365095.954,2257831.011,885.691,BS_INV-34_B_S01,1/20/2026
6566,365042.805,2257831.038,886.135,BS_INV-34_B_S01,1/20/2026
6567,365095.883,2257791.978,884.883,BS_INV-34_B_S01,1/20/2026
6568,365122.473,2257792.057,885.191,BS_INV-34_B_S01,1/20/2026
6569,365149.04,2257792.068,885.258,BS_INV-34_B_S01,1/20/2026
6570,365175.689,2257792.076,885.32,BS_INV-34_B_S01,1/20/2026
6571,365202.308,2257792.057,885.474,BS_INV-34_B_S01,1/20/2026
6572,365252.12,2257792.037,886.082,BS_INV-34_B_S01,1/20/2026
6573,365278.768,2257792.012,886.246,BS_INV-34_B_S01,1/20/2026
6574,365305.257,2257792.076,886.367,BS_INV-34_B_S01,1/20/2026
6575,365331.864,2257792.031,886.507,BS_INV-34_B_S01,1/20/2026
6576,365358.443,2257792.049,886.878,BS_INV-34_B_S01,1/20/2026
6577,365385.076,2257792.065,886.897,BS_INV-34_B_S01,1/20/2026
6578,365411.569,2257792.026,887.192,BS_INV-34_B_S01,1/20/2026
6579,365438.293,2257792.043,887.695,BS_INV-34_B_S01,1/20/2026
6580,365069.352,2257831.014,885.946,BS_INV-34_B_S01,1/20/2026
6581,365042.819,2257811.593,885.706,BS_INV-34_B_S01,1/20/2026
6582,365095.928,2257811.522,885.489,BS_INV-34_B_S01,1/20/2026
6583,365122.526,2257811.536,885.542,BS_INV-34_B_S01,1/20/2026
6584,365149.085,2257811.554,885.746,BS_INV-34_B_S01,1/20/2026
6586,365202.275,2257811.556,885.67,BS_INV-34_B_S01,1/20/2026
6587,365252.11,2257811.576,886.108,BS_INV-34_B_S01,1/20/2026
6588,365278.662,2257811.572,886.177,BS_INV-34_B_S01,1/20/2026
6589,365305.359,2257811.575,886.267,BS_INV-34_B_S01,1/20/2026
6590,365331.886,2257811.559,886.308,BS_INV-34_B_S01,1/20/2026
6591,365358.553,2257811.542,886.436,BS_INV-34_B_S01,1/20/2026
6592,365385.02,2257811.529,886.8,BS_INV-34_B_S01,1/20/2026
6593,365411.651,2257811.508,887.104,BS_INV-34_B_S01,1/20/2026
6594,365438.325,2257811.527,887.586,BS_INV-34_B_S01,1/20/2026
6595,365069.418,2257811.594,885.345,BS_INV-34_B_S01,1/20/2026
7998,364415.996,2258162.489,889.684,BS_INV-34_B_S01,1/20/2026
7999,364020.505,2258182.074,884.645,BS_INV-34_B_S01,1/20/2026
8000,364047.099,2258182.019,884.854,BS_INV-34_B_S01,1/20/2026
8001,364073.715,2258182.016,885.166,BS_INV-34_B_S01,1/20/2026
8002,364100.266,2258182.014,885.247,BS_INV-34_B_S01,1/20/2026
8003,364126.882,2258182.074,885.486,BS_INV-34_B_S01,1/20/2026
8004,364153.438,2258182.039,885.834,BS_INV-34_B_S01,1/20/2026
8005,364180.042,2258182.023,886.008,BS_INV-34_B_S01,1/20/2026
8006,364229.84,2258182.04,886.463,BS_INV-34_B_S01,1/20/2026
8007,364256.476,2258182.009,886.721,BS_INV-34_B_S01,1/20/2026
8008,364283.036,2258182.029,886.963,BS_INV-34_B_S01,1/20/2026
8009,364309.635,2258182.023,887.235,BS_INV-34_B_S01,1/20/2026
8010,364336.247,2258181.994,887.695,BS_INV-34_B_S01,1/20/2026
8011,364389.415,2258162.528,889.005,BS_INV-34_B_S01,1/20/2026
8012,364362.864,2258181.975,888.141,BS_INV-34_B_S01,1/20/2026
8013,364416,2258182.022,889.333,BS_INV-34_B_S01,1/20/2026
8026,364389.415,2258182.019,888.637,BS_INV-34_B_S01,1/20/2026
8028,364362.813,2258162.552,888.49,BS_INV-34_B_S01,1/20/2026
8029,364309.686,2258162.505,887.532,BS_INV-34_B_S01,1/20/2026
8033,364020.528,2258142.967,884.892,BS_INV-34_B_S01,1/20/2026
8034,364047.132,2258142.937,885.025,BS_INV-34_B_S01,1/20/2026
8035,364073.63,2258142.962,885.418,BS_INV-34_B_S01,1/20/2026
8036,364100.249,2258143.017,885.641,BS_INV-34_B_S01,1/20/2026
8037,364126.819,2258142.992,885.825,BS_INV-34_B_S01,1/20/2026
8038,364153.479,2258143,886.082,BS_INV-34_B_S01,1/20/2026
8039,364180.011,2258143.031,886.141,BS_INV-34_B_S01,1/20/2026
8040,364229.802,2258142.976,886.748,BS_INV-34_B_S01,1/20/2026
8041,364256.491,2258143.001,887.036,BS_INV-34_B_S01,1/20/2026
8042,364283.003,2258142.974,887.341,BS_INV-34_B_S01,1/20/2026
8043,364336.222,2258162.534,887.733,BS_INV-34_B_S01,1/20/2026
8044,364309.61,2258143,887.706,BS_INV-34_B_S01,1/20/2026
8045,364362.801,2258142.973,888.664,BS_INV-34_B_S01,1/20/2026
8046,364389.352,2258142.97,889.549,BS_INV-34_B_S01,1/20/2026
8047,364415.988,2258142.928,890.242,BS_INV-34_B_S01,1/20/2026
8048,364020.461,2258162.517,884.682,BS_INV-34_B_S01,1/20/2026
8049,364047.05,2258162.569,884.917,BS_INV-34_B_S01,1/20/2026
8050,364073.671,2258162.557,885.27,BS_INV-34_B_S01,1/20/2026
8051,364100.253,2258162.52,885.439,BS_INV-34_B_S01,1/20/2026
8052,364126.872,2258162.523,885.583,BS_INV-34_B_S01,1/20/2026
8053,364153.46,2258162.512,885.844,BS_INV-34_B_S01,1/20/2026
8054,364179.995,2258162.523,886.086,BS_INV-34_B_S01,1/20/2026
8055,364229.863,2258162.534,886.438,BS_INV-34_B_S01,1/20/2026
8056,364256.485,2258162.537,886.804,BS_INV-34_B_S01,1/20/2026
8057,364283.01,2258162.557,887.052,BS_INV-34_B_S01,1/20/2026
8058,364336.152,2258142.931,888.243,BS_INV-34_B_S01,1/20/2026
8284,364754.848,2258026.076,889.078,BS_INV-34_B_S01,1/20/2026
8285,364781.527,2258026.073,888.715,BS_INV-34_B_S01,1/20/2026
8286,364808.113,2258026.044,888.572,BS_INV-34_B_S01,1/20/2026
8287,364834.663,2258026.027,888.43,BS_INV-34_B_S01,1/20/2026
8288,364861.245,2258026.039,888.44,BS_INV-34_B_S01,1/20/2026
8289,364887.865,2258026.06,888.544,BS_INV-34_B_S01,1/20/2026
8290,364914.472,2258026.075,888.273,BS_INV-34_B_S01,1/20/2026
8291,364941.064,2258026.09,888.379,BS_INV-34_B_S01,1/20/2026
8292,364656.356,2258006.51,890.361,BS_INV-34_B_S01,1/20/2026
8293,364682.997,2258006.515,889.952,BS_INV-34_B_S01,1/20/2026
8294,364705.189,2258006.515,889.473,BS_INV-34_B_S01,1/20/2026
8295,364754.983,2258006.526,889.092,BS_INV-34_B_S01,1/20/2026
8296,364781.621,2258006.428,888.823,BS_INV-34_B_S01,1/20/2026
8298,364808.229,2258006.509,888.653,BS_INV-34_B_S01,1/20/2026
8299,364861.396,2258006.51,888.475,BS_INV-34_B_S01,1/20/2026
8300,364887.992,2258006.516,888.478,BS_INV-34_B_S01,1/20/2026
8301,364914.55,2258006.518,888.39,BS_INV-34_B_S01,1/20/2026
8302,364941.176,2258006.473,888.446,BS_INV-34_B_S01,1/20/2026
8312,364834.79,2258006.5,888.508,BS_INV-34_B_S01,1/20/2026
8568,364705.145,2258026.076,889.656,BS_INV-34_B_S01,1/20/2026
8633,364682.836,2258026.011,890.019,BS_INV-34_B_S01,1/20/2026
8634,364941.172,2258045.477,888.5,BS_INV-34_B_S01,1/20/2026
8959,364656.279,2258065.006,890.908,BS_INV-34_B_S01,1/20/2026
8960,364682.849,2258065.049,890.062,BS_INV-34_B_S01,1/20/2026
8961,364705.119,2258064.994,889.729,BS_INV-34_B_S01,1/20/2026
8962,364754.946,2258064.984,888.967,BS_INV-34_B_S01,1/20/2026
8963,364781.557,2258064.975,888.696,BS_INV-34_B_S01,1/20/2026
8964,364808.158,2258064.955,888.364,BS_INV-34_B_S01,1/20/2026
8966,364834.68,2258064.997,888.243,BS_INV-34_B_S01,1/20/2026
8967,364887.959,2258064.991,888.335,BS_INV-34_B_S01,1/20/2026
8968,364914.512,2258065.013,888.351,BS_INV-34_B_S01,1/20/2026
8969,364941.085,2258065.012,888.275,BS_INV-34_B_S01,1/20/2026
8970,364656.355,2258045.45,890.683,BS_INV-34_B_S01,1/20/2026
8971,364682.946,2258045.451,889.994,BS_INV-34_B_S01,1/20/2026
8972,364705.182,2258045.453,889.614,BS_INV-34_B_S01,1/20/2026
8973,364755.025,2258045.482,888.866,BS_INV-34_B_S01,1/20/2026
8974,364781.639,2258045.457,888.67,BS_INV-34_B_S01,1/20/2026
8975,364808.24,2258045.474,888.591,BS_INV-34_B_S01,1/20/2026
8976,364834.764,2258045.46,888.42,BS_INV-34_B_S01,1/20/2026
8977,364861.349,2258045.508,888.473,BS_INV-34_B_S01,1/20/2026
8978,364888,2258045.445,888.455,BS_INV-34_B_S01,1/20/2026
8979,364914.553,2258045.469,888.498,BS_INV-34_B_S01,1/20/2026
8980,364861.303,2258065.024,888.258,BS_INV-34_B_S01,1/20/2026
9077,364656.3,2258026.032,890.346,BS_INV-34_B_S01,1/20/2026
14423,365149.13,2257752.96,885.009,BS_INV-34_B_S01,1/20/2026
14424,365175.687,2257752.902,885.265,BS_INV-34_B_S01,1/20/2026
14425,365202.334,2257752.943,885.545,BS_INV-34_B_S01,1/20/2026
14426,365252.111,2257752.964,886.067,BS_INV-34_B_S01,1/20/2026
14427,365278.72,2257752.96,886.282,BS_INV-34_B_S01,1/20/2026
14428,365305.314,2257752.996,886.453,BS_INV-34_B_S01,1/20/2026
14429,365331.937,2257752.948,886.597,BS_INV-34_B_S01,1/20/2026
14430,365358.493,2257753.005,887.06,BS_INV-34_B_S01,1/20/2026
14431,365385.029,2257752.963,887.25,BS_INV-34_B_S01,1/20/2026
14432,365411.629,2257753.005,887.496,BS_INV-34_B_S01,1/20/2026
14433,365438.221,2257753.001,887.73,BS_INV-34_B_S01,1/20/2026
14434,365042.709,2257733.43,883.384,BS_INV-34_B_S01,1/20/2026
14435,365069.274,2257733.41,883.813,BS_INV-34_B_S01,1/20/2026
14436,365122.544,2257752.939,884.492,BS_INV-34_B_S01,1/20/2026
14437,365095.88,2257733.444,884.134,BS_INV-34_B_S01,1/20/2026
14438,365149.06,2257733.42,884.799,BS_INV-34_B_S01,1/20/2026
14439,365175.65,2257733.395,885.15,BS_INV-34_B_S01,1/20/2026
14440,365202.206,2257733.4,885.608,BS_INV-34_B_S01,1/20/2026
14441,365252.069,2257733.447,886.03,BS_INV-34_B_S01,1/20/2026
14442,365278.624,2257733.416,886.325,BS_INV-34_B_S01,1/20/2026
14443,365305.328,2257733.453,886.621,BS_INV-34_B_S01,1/20/2026
14444,365331.81,2257733.427,886.754,BS_INV-34_B_S01,1/20/2026
14445,365358.444,2257733.445,886.977,BS_INV-34_B_S01,1/20/2026
14446,365385.105,2257733.414,887.414,BS_INV-34_B_S01,1/20/2026
14447,365411.629,2257733.425,887.421,BS_INV-34_B_S01,1/20/2026
14448,365438.213,2257733.419,887.593,BS_INV-34_B_S01,1/20/2026
14451,365122.47,2257733.44,884.688,BS_INV-34_B_S01,1/20/2026
14453,365095.932,2257752.931,884.313,BS_INV-34_B_S01,1/20/2026
14454,365042.805,2257752.927,883.835,BS_INV-34_B_S01,1/20/2026
14468,365069.364,2257752.974,884.041,BS_INV-34_B_S01,1/20/2026
14469,365042.764,2257772.49,884.434,BS_INV-34_B_S01,1/20/2026
14470,365095.982,2257772.513,884.487,BS_INV-34_B_S01,1/20/2026
14471,365122.511,2257772.48,884.678,BS_INV-34_B_S01,1/20/2026
14472,365149.146,2257772.527,884.896,BS_INV-34_B_S01,1/20/2026
14473,365175.691,2257772.505,885.299,BS_INV-34_B_S01,1/20/2026
14474,365202.317,2257772.52,885.559,BS_INV-34_B_S01,1/20/2026
14475,365252.129,2257772.495,886.123,BS_INV-34_B_S01,1/20/2026
14476,365278.688,2257772.542,886.297,BS_INV-34_B_S01,1/20/2026
14477,365305.29,2257772.556,886.475,BS_INV-34_B_S01,1/20/2026
14478,365331.902,2257772.586,886.626,BS_INV-34_B_S01,1/20/2026
14479,365358.504,2257772.534,886.831,BS_INV-34_B_S01,1/20/2026
14480,365385.095,2257772.595,887.154,BS_INV-34_B_S01,1/20/2026
14481,365411.7,2257772.565,887.372,BS_INV-34_B_S01,1/20/2026
14482,365438.243,2257772.534,887.685,BS_INV-34_B_S01,1/20/2026
14483,365069.331,2257772.507,884.289,BS_INV-34_B_S01,1/20/2026
15759,364256.474,2257928.504,890.732,BS_INV-34_B_S01,1/20/2026
15760,364283.067,2257928.524,891.773,BS_INV-34_B_S01,1/20/2026
15761,364309.58,2257928.501,892.794,BS_INV-34_B_S01,1/20/2026
15762,364336.157,2257928.515,893.846,BS_INV-34_B_S01,1/20/2026
15763,364362.736,2257928.42,893.934,BS_INV-34_B_S01,1/20/2026
15764,364389.405,2257928.477,894.273,BS_INV-34_B_S01,1/20/2026
15765,364415.911,2257928.456,894.49,BS_INV-34_B_S01,1/20/2026
15766,364020.474,2257909.08,885.162,BS_INV-34_B_S01,1/20/2026
15767,364047.121,2257909.074,885.28,BS_INV-34_B_S01,1/20/2026
15768,364073.682,2257909.031,885.55,BS_INV-34_B_S01,1/20/2026
15769,364100.269,2257909.087,885.944,BS_INV-34_B_S01,1/20/2026
15770,364126.88,2257909.068,886.311,BS_INV-34_B_S01,1/20/2026
15771,364153.45,2257909.088,887.108,BS_INV-34_B_S01,1/20/2026
15772,364179.98,2257909.023,888.03,BS_INV-34_B_S01,1/20/2026
15773,364229.823,2257909.073,890.006,BS_INV-34_B_S01,1/20/2026
15774,364256.332,2257909.058,891.351,BS_INV-34_B_S01,1/20/2026
15775,364282.922,2257909.093,892.203,BS_INV-34_B_S01,1/20/2026
15776,364309.523,2257909.017,893.2,BS_INV-34_B_S01,1/20/2026
15777,364336.154,2257908.977,893.929,BS_INV-34_B_S01,1/20/2026
15778,364362.692,2257909.023,894.001,BS_INV-34_B_S01,1/20/2026
15779,364389.315,2257909.018,893.961,BS_INV-34_B_S01,1/20/2026
15780,364415.932,2257909.073,894.359,BS_INV-34_B_S01,1/20/2026
15781,364020.666,2257889.539,885.219,BS_INV-34_B_S01,1/20/2026
15782,364047.07,2257889.481,885.378,BS_INV-34_B_S01,1/20/2026
15783,364073.69,2257889.521,885.684,BS_INV-34_B_S01,1/20/2026
15784,364100.341,2257889.477,886.152,BS_INV-34_B_S01,1/20/2026
15785,364126.961,2257889.446,886.764,BS_INV-34_B_S01,1/20/2026
15786,364229.873,2257928.511,889.558,BS_INV-34_B_S01,1/20/2026
15787,364180.099,2257928.511,887.757,BS_INV-34_B_S01,1/20/2026
15788,364153.528,2257928.495,887.004,BS_INV-34_B_S01,1/20/2026
15789,364126.96,2257928.497,886.395,BS_INV-34_B_S01,1/20/2026
15803,364153.58,2257889.525,887.294,BS_INV-34_B_S01,1/20/2026
15814,364020.578,2257928.478,885.134,BS_INV-34_B_S01,1/20/2026
15815,364047.178,2257928.535,885.273,BS_INV-34_B_S01,1/20/2026
15816,364073.746,2257928.541,885.564,BS_INV-34_B_S01,1/20/2026
15817,364100.37,2257928.513,885.709,BS_INV-34_B_S01,1/20/2026
15819,364180.154,2257889.545,888.538,BS_INV-34_B_S01,1/20/2026
15820,364229.87,2257889.547,890.63,BS_INV-34_B_S01,1/20/2026
15821,364256.462,2257889.501,891.089,BS_INV-34_B_S01,1/20/2026
15822,364362.786,2258123.493,889.042,BS_INV-34_B_S01,1/20/2026
15823,364389.39,2258123.567,889.889,BS_INV-34_B_S01,1/20/2026
15824,364020.443,2258104.064,885.306,BS_INV-34_B_S01,1/20/2026
15825,364047.075,2258104.014,885.525,BS_INV-34_B_S01,1/20/2026
15826,364073.643,2258104.03,885.757,BS_INV-34_B_S01,1/20/2026
15827,364100.182,2258104.018,885.803,BS_INV-34_B_S01,1/20/2026
15828,364126.835,2258104.056,886.006,BS_INV-34_B_S01,1/20/2026
15829,364153.417,2258103.975,886.373,BS_INV-34_B_S01,1/20/2026
15830,364180.023,2258104.032,886.421,BS_INV-34_B_S01,1/20/2026
15831,364229.858,2258104.002,886.791,BS_INV-34_B_S01,1/20/2026
15832,364256.429,2258104.027,887.332,BS_INV-34_B_S01,1/20/2026
15833,364283.061,2258103.984,887.747,BS_INV-34_B_S01,1/20/2026
15834,364309.507,2258103.991,888.204,BS_INV-34_B_S01,1/20/2026
15835,364336.241,2258123.548,888.424,BS_INV-34_B_S01,1/20/2026
15836,364336.181,2258103.991,888.867,BS_INV-34_B_S01,1/20/2026
15837,364389.333,2258103.988,890.473,BS_INV-34_B_S01,1/20/2026
15838,364020.484,2258084.506,885.406,BS_INV-34_B_S01,1/20/2026
15839,364047.023,2258084.443,885.702,BS_INV-34_B_S01,1/20/2026
15840,364073.565,2258084.49,885.78,BS_INV-34_B_S01,1/20/2026
15841,364100.24,2258084.423,885.902,BS_INV-34_B_S01,1/20/2026
15842,364126.783,2258084.461,886.112,BS_INV-34_B_S01,1/20/2026
15843,364153.311,2258084.448,886.243,BS_INV-34_B_S01,1/20/2026
15844,364179.9,2258084.445,886.452,BS_INV-34_B_S01,1/20/2026
15845,364229.779,2258084.48,887.139,BS_INV-34_B_S01,1/20/2026
15846,364256.332,2258084.447,887.4,BS_INV-34_B_S01,1/20/2026
15847,364282.917,2258084.485,887.89,BS_INV-34_B_S01,1/20/2026
15848,364309.571,2258084.507,888.584,BS_INV-34_B_S01,1/20/2026
15849,364336.13,2258084.443,889.412,BS_INV-34_B_S01,1/20/2026
15850,364362.793,2258104.009,889.538,BS_INV-34_B_S01,1/20/2026
15852,364309.608,2258123.607,887.934,BS_INV-34_B_S01,1/20/2026
15853,364256.505,2258123.573,887.07,BS_INV-34_B_S01,1/20/2026
15854,364283.052,2257889.507,891.977,BS_INV-34_B_S01,1/20/2026
15855,364309.561,2257889.468,892.987,BS_INV-34_B_S01,1/20/2026
15856,364336.167,2257889.475,893.569,BS_INV-34_B_S01,1/20/2026
15857,364362.79,2257889.503,894.09,BS_INV-34_B_S01,1/20/2026
15858,364389.399,2257889.538,893.998,BS_INV-34_B_S01,1/20/2026
15859,364416.049,2257889.482,893.745,BS_INV-34_B_S01,1/20/2026
15860,364020.566,2257948.001,885.079,BS_INV-34_B_S01,1/20/2026
15861,364047.091,2257948.051,885.25,BS_INV-34_B_S01,1/20/2026
15862,364073.775,2257947.984,885.235,BS_INV-34_B_S01,1/20/2026
15863,364100.325,2257947.982,885.825,BS_INV-34_B_S01,1/20/2026
15864,364126.894,2257947.957,886.138,BS_INV-34_B_S01,1/20/2026
15865,364153.493,2257948.01,886.526,BS_INV-34_B_S01,1/20/2026
15866,364180.064,2257947.994,887.309,BS_INV-34_B_S01,1/20/2026
15867,364283.072,2258123.567,887.435,BS_INV-34_B_S01,1/20/2026
15868,364229.868,2257947.989,888.95,BS_INV-34_B_S01,1/20/2026
15869,364282.989,2257947.985,891.175,BS_INV-34_B_S01,1/20/2026
15870,364309.559,2257948.009,892.112,BS_INV-34_B_S01,1/20/2026
15871,364336.162,2257947.998,893.203,BS_INV-34_B_S01,1/20/2026
15872,364362.756,2257948.018,893.897,BS_INV-34_B_S01,1/20/2026
15874,364020.573,2258123.48,885.046,BS_INV-34_B_S01,1/20/2026
15875,364047.052,2258123.507,885.414,BS_INV-34_B_S01,1/20/2026
15876,364073.716,2258123.542,885.576,BS_INV-34_B_S01,1/20/2026
15877,364100.274,2258123.572,885.734,BS_INV-34_B_S01,1/20/2026
15878,364126.831,2258123.549,885.947,BS_INV-34_B_S01,1/20/2026
15879,364153.464,2258123.555,886.029,BS_INV-34_B_S01,1/20/2026
15880,364180.076,2258123.591,886.252,BS_INV-34_B_S01,1/20/2026
15881,364229.862,2258123.535,886.727,BS_INV-34_B_S01,1/20/2026
15882,364256.467,2257947.982,889.978,BS_INV-34_B_S01,1/20/2026
15883,364362.809,2258084.432,890.071,BS_INV-34_B_S01,1/20/2026
16010,364389.316,2258084.429,891.409,BS_INV-34_B_S01,1/20/2026
16011,364020.467,2258065.008,885.474,BS_INV-34_B_S01,1/20/2026
16012,364047.142,2258065.024,885.85,BS_INV-34_B_S01,1/20/2026
16040,364941.02,2257870.038,886.916,BS_INV-34_B_S01,1/20/2026
16041,364914.434,2257870.054,886.562,BS_INV-34_B_S01,1/20/2026
16042,364887.897,2257870.04,885.821,BS_INV-34_B_S01,1/20/2026
16043,364861.353,2257870.08,885.083,BS_INV-34_B_S01,1/20/2026
16044,364941.047,2257909.099,887.515,BS_INV-34_B_S01,1/20/2026
16045,364519.146,2257928.455,893.267,BS_INV-34_B_S01,1/20/2026
16046,364545.821,2257928.465,892.558,BS_INV-34_B_S01,1/20/2026
16047,364572.272,2257928.524,891.39,BS_INV-34_B_S01,1/20/2026
16048,364598.836,2257928.506,890.345,BS_INV-34_B_S01,1/20/2026
16049,364625.438,2257928.486,889.567,BS_INV-34_B_S01,1/20/2026
16050,364652.014,2257928.498,889.073,BS_INV-34_B_S01,1/20/2026
16051,364678.61,2257928.486,888.54,BS_INV-34_B_S01,1/20/2026
16052,364705.182,2257928.517,888.246,BS_INV-34_B_S01,1/20/2026
16053,364755.019,2257928.513,887.967,BS_INV-34_B_S01,1/20/2026
16054,364781.605,2257928.527,887.837,BS_INV-34_B_S01,1/20/2026
16055,364808.214,2257928.491,887.437,BS_INV-34_B_S01,1/20/2026
16056,364834.794,2257928.481,887.109,BS_INV-34_B_S01,1/20/2026
16058,364861.442,2257928.493,886.923,BS_INV-34_B_S01,1/20/2026
16059,364914.598,2257928.479,887.562,BS_INV-34_B_S01,1/20/2026
16060,364941.149,2257928.532,887.696,BS_INV-34_B_S01,1/20/2026
16061,364545.562,2257869.986,889.42,BS_INV-34_B_S01,1/20/2026
16062,364572.164,2257869.969,888.555,BS_INV-34_B_S01,1/20/2026
16063,364598.727,2257870.004,888.074,BS_INV-34_B_S01,1/20/2026
16064,364625.293,2257870.006,887.422,BS_INV-34_B_S01,1/20/2026
16065,364651.931,2257870.032,886.885,BS_INV-34_B_S01,1/20/2026
16066,364678.466,2257870.113,886.244,BS_INV-34_B_S01,1/20/2026
16067,364705.085,2257870.044,885.306,BS_INV-34_B_S01,1/20/2026
16068,364754.914,2257870.017,884.485,BS_INV-34_B_S01,1/20/2026
16069,364781.505,2257870.02,884.656,BS_INV-34_B_S01,1/20/2026
16070,364808.065,2257870.053,884.669,BS_INV-34_B_S01,1/20/2026
16071,364834.681,2257870.048,884.537,BS_INV-34_B_S01,1/20/2026
16072,364888.052,2257928.487,887.295,BS_INV-34_B_S01,1/20/2026
16105,364914.437,2257909.019,887.2,BS_INV-34_B_S01,1/20/2026
16137,364887.884,2257909.047,886.744,BS_INV-34_B_S01,1/20/2026
16138,364861.351,2257908.995,886.245,BS_INV-34_B_S01,1/20/2026
16139,364834.711,2257909.015,886.27,BS_INV-34_B_S01,1/20/2026
16140,364179.98,2258025.99,886.473,BS_INV-34_B_S01,1/20/2026
16141,364229.801,2258025.993,887.189,BS_INV-34_B_S01,1/20/2026
16142,364256.441,2258025.976,887.838,BS_INV-34_B_S01,1/20/2026
16143,364282.943,2258026.037,888.521,BS_INV-34_B_S01,1/20/2026
16144,364309.554,2258026.046,889.708,BS_INV-34_B_S01,1/20/2026
16145,364336.175,2258026.054,890.703,BS_INV-34_B_S01,1/20/2026
16146,364362.787,2258025.999,892.022,BS_INV-34_B_S01,1/20/2026
16147,364389.478,2258026.088,893.341,BS_INV-34_B_S01,1/20/2026
16148,364020.52,2258006.474,885.083,BS_INV-34_B_S01,1/20/2026
16149,364047.134,2258006.477,885.294,BS_INV-34_B_S01,1/20/2026
16150,364073.711,2258006.498,885.401,BS_INV-34_B_S01,1/20/2026
16151,364100.366,2258006.455,885.562,BS_INV-34_B_S01,1/20/2026
16152,364126.894,2258006.47,885.823,BS_INV-34_B_S01,1/20/2026
16153,364153.52,2258025.984,886.195,BS_INV-34_B_S01,1/20/2026
16154,364153.5,2258006.488,886.185,BS_INV-34_B_S01,1/20/2026
16155,364229.895,2258006.495,887.441,BS_INV-34_B_S01,1/20/2026
16156,364256.495,2258006.519,888.125,BS_INV-34_B_S01,1/20/2026
16157,364283.041,2258006.487,889.117,BS_INV-34_B_S01,1/20/2026
16158,364309.668,2258006.489,890.063,BS_INV-34_B_S01,1/20/2026
16159,364336.181,2258006.508,891.495,BS_INV-34_B_S01,1/20/2026
16160,364362.741,2258006.495,892.482,BS_INV-34_B_S01,1/20/2026
16161,364389.331,2258006.516,893.721,BS_INV-34_B_S01,1/20/2026
16162,364020.621,2257987,884.839,BS_INV-34_B_S01,1/20/2026
16163,364047.125,2257986.973,885.181,BS_INV-34_B_S01,1/20/2026
16164,364073.689,2257986.953,885.255,BS_INV-34_B_S01,1/20/2026
16165,364100.313,2257986.957,885.56,BS_INV-34_B_S01,1/20/2026
16166,364126.889,2257986.998,885.76,BS_INV-34_B_S01,1/20/2026
16167,364153.471,2257987.016,886.287,BS_INV-34_B_S01,1/20/2026
16168,364180.099,2258006.558,886.572,BS_INV-34_B_S01,1/20/2026
16169,364180.035,2257986.968,886.673,BS_INV-34_B_S01,1/20/2026
16170,364126.851,2258026.035,885.736,BS_INV-34_B_S01,1/20/2026
16171,364073.639,2258026.027,885.364,BS_INV-34_B_S01,1/20/2026
16172,364073.639,2258065.027,885.877,BS_INV-34_B_S01,1/20/2026
16173,364100.25,2258064.966,886,BS_INV-34_B_S01,1/20/2026
16174,364126.832,2258065.046,885.972,BS_INV-34_B_S01,1/20/2026
16175,364153.483,2258065.078,886.276,BS_INV-34_B_S01,1/20/2026
16176,364179.981,2258065.092,886.462,BS_INV-34_B_S01,1/20/2026
16177,364229.867,2258065.085,887.195,BS_INV-34_B_S01,1/20/2026
16178,364256.371,2258065.059,887.768,BS_INV-34_B_S01,1/20/2026
16179,364283.059,2258065.005,888.122,BS_INV-34_B_S01,1/20/2026
16180,364309.632,2258065.073,888.959,BS_INV-34_B_S01,1/20/2026
16181,364336.166,2258065.102,889.692,BS_INV-34_B_S01,1/20/2026
16182,364362.781,2258064.98,890.771,BS_INV-34_B_S01,1/20/2026
16183,364389.3,2258065.012,891.959,BS_INV-34_B_S01,1/20/2026
16184,364020.426,2258045.636,885.379,BS_INV-34_B_S01,1/20/2026
16185,364100.217,2258026.004,885.56,BS_INV-34_B_S01,1/20/2026
16186,364047.04,2258045.491,885.543,BS_INV-34_B_S01,1/20/2026
16187,364100.24,2258045.523,885.767,BS_INV-34_B_S01,1/20/2026
16188,364126.834,2258045.526,885.788,BS_INV-34_B_S01,1/20/2026
16189,364153.479,2258045.516,886.139,BS_INV-34_B_S01,1/20/2026
16190,364180.071,2258045.58,886.607,BS_INV-34_B_S01,1/20/2026
16191,364229.837,2258045.594,887.369,BS_INV-34_B_S01,1/20/2026
16192,364256.442,2258045.567,888.07,BS_INV-34_B_S01,1/20/2026
16193,364283.014,2258045.581,888.486,BS_INV-34_B_S01,1/20/2026
16194,364309.623,2258045.591,889.248,BS_INV-34_B_S01,1/20/2026
16195,364336.22,2258045.612,890.158,BS_INV-34_B_S01,1/20/2026
16196,364362.657,2258045.495,891.63,BS_INV-34_B_S01,1/20/2026
16197,364389.373,2258045.579,892.672,BS_INV-34_B_S01,1/20/2026
16198,364020.452,2258026.023,885.211,BS_INV-34_B_S01,1/20/2026
16199,364047,2258026.007,885.262,BS_INV-34_B_S01,1/20/2026
16200,364073.703,2258045.5,885.595,BS_INV-34_B_S01,1/20/2026
16202,364229.904,2257986.998,887.748,BS_INV-34_B_S01,1/20/2026
16203,364283.005,2257987.02,889.521,BS_INV-34_B_S01,1/20/2026
16204,364941.226,2258123.507,887.166,BS_INV-34_B_S01,1/20/2026
16205,364519.068,2257889.54,891.48,BS_INV-34_B_S01,1/20/2026
16206,364545.603,2257889.53,890.463,BS_INV-34_B_S01,1/20/2026
16207,364572.12,2257889.537,889.758,BS_INV-34_B_S01,1/20/2026
16208,364598.75,2257889.429,888.752,BS_INV-34_B_S01,1/20/2026
16209,364625.31,2257889.514,888.183,BS_INV-34_B_S01,1/20/2026
16210,364651.929,2257889.507,887.816,BS_INV-34_B_S01,1/20/2026
16211,364678.511,2257889.475,887.413,BS_INV-34_B_S01,1/20/2026
16212,364704.989,2257889.476,886.622,BS_INV-34_B_S01,1/20/2026
16213,364754.95,2257889.534,885.922,BS_INV-34_B_S01,1/20/2026
16214,364781.536,2257889.494,886.135,BS_INV-34_B_S01,1/20/2026
16215,364808.107,2257889.495,885.963,BS_INV-34_B_S01,1/20/2026
16216,364834.708,2257889.522,885.671,BS_INV-34_B_S01,1/20/2026
16217,364914.551,2258123.482,887.368,BS_INV-34_B_S01,1/20/2026
16218,364861.362,2257889.493,885.841,BS_INV-34_B_S01,1/20/2026
16219,364914.452,2257889.537,886.996,BS_INV-34_B_S01,1/20/2026
16220,364941.008,2257889.527,887.294,BS_INV-34_B_S01,1/20/2026
16221,364519.087,2257909.001,892.278,BS_INV-34_B_S01,1/20/2026
16222,364545.657,2257909.038,891.354,BS_INV-34_B_S01,1/20/2026
16223,364572.186,2257909.01,890.798,BS_INV-34_B_S01,1/20/2026
16224,364598.828,2257909,889.685,BS_INV-34_B_S01,1/20/2026
16225,364625.286,2257908.993,889.18,BS_INV-34_B_S01,1/20/2026
16226,364651.933,2257909.052,888.623,BS_INV-34_B_S01,1/20/2026
16227,364678.526,2257908.985,888.079,BS_INV-34_B_S01,1/20/2026
16228,364705.147,2257909.014,887.555,BS_INV-34_B_S01,1/20/2026
16229,364754.865,2257909.067,887.092,BS_INV-34_B_S01,1/20/2026
16230,364781.544,2257909.048,887.182,BS_INV-34_B_S01,1/20/2026
16231,364808.145,2257909.039,886.841,BS_INV-34_B_S01,1/20/2026
16232,364887.9,2257889.501,886.347,BS_INV-34_B_S01,1/20/2026
16233,364256.451,2257987,888.505,BS_INV-34_B_S01,1/20/2026
16234,364888.002,2258123.529,887.23,BS_INV-34_B_S01,1/20/2026
16235,364834.838,2258123.504,887.541,BS_INV-34_B_S01,1/20/2026
16236,364309.659,2257986.969,890.919,BS_INV-34_B_S01,1/20/2026
16237,364336.134,2257986.987,892.348,BS_INV-34_B_S01,1/20/2026
16238,364362.701,2257986.971,893.27,BS_INV-34_B_S01,1/20/2026
16239,364389.285,2257986.99,894.32,BS_INV-34_B_S01,1/20/2026
16240,364020.544,2257967.47,885.118,BS_INV-34_B_S01,1/20/2026
16241,364047.123,2257967.497,885.058,BS_INV-34_B_S01,1/20/2026
16242,364073.686,2257967.477,885.27,BS_INV-34_B_S01,1/20/2026
16243,364100.364,2257967.473,885.615,BS_INV-34_B_S01,1/20/2026
16244,364126.907,2257967.512,885.936,BS_INV-34_B_S01,1/20/2026
16245,364153.468,2257967.564,886.473,BS_INV-34_B_S01,1/20/2026
16246,364180.114,2257967.488,887.094,BS_INV-34_B_S01,1/20/2026
16247,364229.891,2257967.507,888.27,BS_INV-34_B_S01,1/20/2026
16248,364256.444,2257967.512,889.256,BS_INV-34_B_S01,1/20/2026
16249,364861.455,2258123.516,887.444,BS_INV-34_B_S01,1/20/2026
16250,364283.023,2257967.506,890.399,BS_INV-34_B_S01,1/20/2026
16251,364336.177,2257967.488,892.661,BS_INV-34_B_S01,1/20/2026
16252,364362.75,2257967.497,893.774,BS_INV-34_B_S01,1/20/2026
16253,364389.319,2257967.474,894.471,BS_INV-34_B_S01,1/20/2026
16254,364545.724,2258123.509,893.974,BS_INV-34_B_S01,1/20/2026
16255,364572.376,2258123.571,893.341,BS_INV-34_B_S01,1/20/2026
16256,364598.894,2258123.526,892.392,BS_INV-34_B_S01,1/20/2026
16257,364625.516,2258123.535,891.319,BS_INV-34_B_S01,1/20/2026
16258,364651.993,2258123.532,890.256,BS_INV-34_B_S01,1/20/2026
16259,364678.62,2258123.498,889.371,BS_INV-34_B_S01,1/20/2026
16260,364705.2,2258123.524,889.048,BS_INV-34_B_S01,1/20/2026
16261,364755.057,2258123.487,888.399,BS_INV-34_B_S01,1/20/2026
16262,364781.595,2258123.462,888.073,BS_INV-34_B_S01,1/20/2026
16263,364808.242,2258123.497,887.796,BS_INV-34_B_S01,1/20/2026
16264,364309.627,2257967.508,891.7,BS_INV-34_B_S01,1/20/2026
17795,364781.551,2258260.029,888.976,BS_INV-34_B_S01,1/20/2026
17796,364808.083,2258260.037,888.23,BS_INV-34_B_S01,1/20/2026
17797,364834.702,2258260.063,887.83,BS_INV-34_B_S01,1/20/2026
17798,364861.332,2258260.02,887.398,BS_INV-34_B_S01,1/20/2026
17799,364887.962,2258260.027,887.327,BS_INV-34_B_S01,1/20/2026
17800,364914.505,2258260.011,887.29,BS_INV-34_B_S01,1/20/2026
17801,364941.081,2258260.071,887.442,BS_INV-34_B_S01,1/20/2026
17822,364754.95,2258260.041,889.116,BS_INV-34_B_S01,1/20/2026
17823,364705.124,2258260.063,889.655,BS_INV-34_B_S01,1/20/2026
17824,364678.521,2258260.022,889.725,BS_INV-34_B_S01,1/20/2026
17825,364651.901,2258260.054,889.821,BS_INV-34_B_S01,1/20/2026
17826,364781.589,2258221.019,888.943,BS_INV-34_B_S01,1/20/2026
17827,364808.181,2258221.026,888.589,BS_INV-34_B_S01,1/20/2026
17828,364834.775,2258220.987,888.118,BS_INV-34_B_S01,1/20/2026
17829,364861.329,2258220.985,887.718,BS_INV-34_B_S01,1/20/2026
17830,364887.995,2258220.993,887.438,BS_INV-34_B_S01,1/20/2026
17831,364914.549,2258221.012,887.49,BS_INV-34_B_S01,1/20/2026
17832,364941.176,2258220.983,887.473,BS_INV-34_B_S01,1/20/2026
17833,364519.086,2258240.554,889.967,BS_INV-34_B_S01,1/20/2026
17834,364545.585,2258240.52,889.932,BS_INV-34_B_S01,1/20/2026
17835,364572.182,2258240.512,889.777,BS_INV-34_B_S01,1/20/2026
17836,364598.797,2258240.539,889.668,BS_INV-34_B_S01,1/20/2026
17837,364625.381,2258240.55,889.799,BS_INV-34_B_S01,1/20/2026
17838,364651.924,2258240.498,889.904,BS_INV-34_B_S01,1/20/2026
17840,364678.599,2258240.513,889.887,BS_INV-34_B_S01,1/20/2026
17841,364755.018,2258240.521,888.869,BS_INV-34_B_S01,1/20/2026
17842,364781.601,2258240.533,888.761,BS_INV-34_B_S01,1/20/2026
17843,364808.185,2258240.548,888.293,BS_INV-34_B_S01,1/20/2026
17844,364834.829,2258240.578,888.001,BS_INV-34_B_S01,1/20/2026
17845,364861.402,2258240.519,887.505,BS_INV-34_B_S01,1/20/2026
17846,364887.952,2258240.546,887.458,BS_INV-34_B_S01,1/20/2026
17847,364914.55,2258240.54,887.401,BS_INV-34_B_S01,1/20/2026
17848,364941.1,2258240.55,887.339,BS_INV-34_B_S01,1/20/2026
17849,364519.005,2258260.029,889.639,BS_INV-34_B_S01,1/20/2026
17850,364545.646,2258260.049,889.771,BS_INV-34_B_S01,1/20/2026
17851,364572.131,2258260.049,889.655,BS_INV-34_B_S01,1/20/2026
17852,364598.671,2258260.008,889.61,BS_INV-34_B_S01,1/20/2026
17853,364625.284,2258260.082,889.682,BS_INV-34_B_S01,1/20/2026
17854,364705.221,2258240.54,889.631,BS_INV-34_B_S01,1/20/2026
17887,364755.016,2258221.035,889.029,BS_INV-34_B_S01,1/20/2026
17920,364705.182,2258221.032,889.763,BS_INV-34_B_S01,1/20/2026
17921,364652.037,2258220.988,890.173,BS_INV-34_B_S01,1/20/2026
17992,364519.048,2258201.586,890.763,BS_INV-34_B_S01,1/20/2026
17993,364545.717,2258201.536,890.408,BS_INV-34_B_S01,1/20/2026
17994,364572.261,2258201.507,890.594,BS_INV-34_B_S01,1/20/2026
17995,364598.858,2258201.541,890.251,BS_INV-34_B_S01,1/20/2026
17996,364625.402,2258201.529,890.133,BS_INV-34_B_S01,1/20/2026
17997,364652.066,2258201.557,890.003,BS_INV-34_B_S01,1/20/2026
17999,364678.615,2258201.498,889.844,BS_INV-34_B_S01,1/20/2026
18000,364755,2258201.553,888.894,BS_INV-34_B_S01,1/20/2026
18001,364781.551,2258201.522,888.545,BS_INV-34_B_S01,1/20/2026
18002,364808.192,2258201.512,888.326,BS_INV-34_B_S01,1/20/2026
18003,364834.723,2258201.533,887.989,BS_INV-34_B_S01,1/20/2026
18004,364861.3,2258201.52,887.601,BS_INV-34_B_S01,1/20/2026
18005,364887.885,2258201.564,887.299,BS_INV-34_B_S01,1/20/2026
18006,364914.497,2258201.549,887.394,BS_INV-34_B_S01,1/20/2026
18007,364941.112,2258201.574,887.248,BS_INV-34_B_S01,1/20/2026
18008,364518.983,2258220.999,890.185,BS_INV-34_B_S01,1/20/2026
18009,364545.68,2258221.009,890.173,BS_INV-34_B_S01,1/20/2026
18010,364572.191,2258220.992,890.135,BS_INV-34_B_S01,1/20/2026
18011,364598.839,2258220.998,889.97,BS_INV-34_B_S01,1/20/2026
18012,364625.392,2258221.082,890.188,BS_INV-34_B_S01,1/20/2026
18013,364705.203,2258201.495,889.441,BS_INV-34_B_S01,1/20/2026
18014,364678.681,2258221.033,889.847,BS_INV-34_B_S01,1/20/2026
18025,364020.586,2258201.645,884.653,BS_INV-34_B_S01,1/20/2026
18026,364047.12,2258201.482,884.824,BS_INV-34_B_S01,1/20/2026
18027,364073.672,2258201.557,884.869,BS_INV-34_B_S01,1/20/2026
18028,364100.266,2258201.566,884.905,BS_INV-34_B_S01,1/20/2026
18029,364126.859,2258201.528,885.299,BS_INV-34_B_S01,1/20/2026
18031,364153.51,2258201.492,885.371,BS_INV-34_B_S01,1/20/2026
18032,364229.88,2258201.533,886.339,BS_INV-34_B_S01,1/20/2026
18033,364256.56,2258201.466,886.381,BS_INV-34_B_S01,1/20/2026
18034,364283.122,2258201.488,886.631,BS_INV-34_B_S01,1/20/2026
18035,364309.651,2258201.552,887.012,BS_INV-34_B_S01,1/20/2026
18036,364336.318,2258201.544,887.297,BS_INV-34_B_S01,1/20/2026
18037,364362.871,2258201.634,887.798,BS_INV-34_B_S01,1/20/2026
18038,364389.411,2258201.554,888.156,BS_INV-34_B_S01,1/20/2026
18039,364416.018,2258201.522,888.781,BS_INV-34_B_S01,1/20/2026
18045,364180.08,2258201.509,885.682,BS_INV-34_B_S01,1/20/2026
23901,365411.686,2257948.043,886.881,BS_INV-34_B_S01,1/20/2026
23902,365438.318,2257947.998,887.204,BS_INV-34_B_S01,1/20/2026
23903,365016.152,2257967.626,887.847,BS_INV-34_B_S01,1/20/2026
23904,365042.772,2257967.572,887.696,BS_INV-34_B_S01,1/20/2026
23905,365069.331,2257967.587,887.441,BS_INV-34_B_S01,1/20/2026
23906,365095.912,2257967.564,887.259,BS_INV-34_B_S01,1/20/2026
23907,365122.509,2257967.558,887.263,BS_INV-34_B_S01,1/20/2026
23908,365149.095,2257967.573,887.14,BS_INV-34_B_S01,1/20/2026
23909,365175.688,2257967.554,886.962,BS_INV-34_B_S01,1/20/2026
23910,365202.298,2257967.572,886.742,BS_INV-34_B_S01,1/20/2026
23911,365252.114,2257967.537,886.502,BS_INV-34_B_S01,1/20/2026
23912,365278.727,2257967.474,886.359,BS_INV-34_B_S01,1/20/2026
23913,365305.289,2257967.505,886.447,BS_INV-34_B_S01,1/20/2026
23914,365331.892,2257967.536,886.325,BS_INV-34_B_S01,1/20/2026
23915,365358.486,2257967.497,886.445,BS_INV-34_B_S01,1/20/2026
23916,365385.062,2257967.503,886.655,BS_INV-34_B_S01,1/20/2026
23917,365411.669,2257967.523,887.028,BS_INV-34_B_S01,1/20/2026
23918,365438.3,2257967.532,887.362,BS_INV-34_B_S01,1/20/2026
23919,365016.154,2257987.066,888.089,BS_INV-34_B_S01,1/20/2026
23920,365042.83,2257987.105,887.862,BS_INV-34_B_S01,1/20/2026
23921,365069.329,2257987.077,887.691,BS_INV-34_B_S01,1/20/2026
23922,365095.916,2257987.123,887.447,BS_INV-34_B_S01,1/20/2026
23923,365122.493,2257987.051,887.377,BS_INV-34_B_S01,1/20/2026
23924,365149.118,2257987.058,887.471,BS_INV-34_B_S01,1/20/2026
23925,365175.778,2257987.084,887.21,BS_INV-34_B_S01,1/20/2026
23926,365202.306,2257987.041,887.007,BS_INV-34_B_S01,1/20/2026
23927,365252.172,2257987.051,886.714,BS_INV-34_B_S01,1/20/2026
23928,365385.086,2257948.049,886.69,BS_INV-34_B_S01,1/20/2026
23929,365358.442,2257948.019,886.476,BS_INV-34_B_S01,1/20/2026
23930,365331.882,2257948.053,886.48,BS_INV-34_B_S01,1/20/2026
23931,365305.29,2257947.993,886.494,BS_INV-34_B_S01,1/20/2026
23932,365411.657,2257909.043,887.246,BS_INV-34_B_S01,1/20/2026
23933,365438.291,2257909.055,887.212,BS_INV-34_B_S01,1/20/2026
23934,365016.19,2257928.466,887.628,BS_INV-34_B_S01,1/20/2026
23935,365042.783,2257928.482,887.366,BS_INV-34_B_S01,1/20/2026
23936,365069.386,2257928.484,887.305,BS_INV-34_B_S01,1/20/2026
23937,365095.972,2257928.444,886.985,BS_INV-34_B_S01,1/20/2026
23938,365122.6,2257928.494,886.971,BS_INV-34_B_S01,1/20/2026
23939,365149.141,2257928.511,886.861,BS_INV-34_B_S01,1/20/2026
23940,365175.674,2257928.566,886.759,BS_INV-34_B_S01,1/20/2026
23941,365202.302,2257928.554,886.624,BS_INV-34_B_S01,1/20/2026
23942,365252.12,2257928.6,886.52,BS_INV-34_B_S01,1/20/2026
23943,365278.72,2257928.556,886.556,BS_INV-34_B_S01,1/20/2026
23944,365305.304,2257928.599,886.652,BS_INV-34_B_S01,1/20/2026
23945,365278.727,2257987.075,886.575,BS_INV-34_B_S01,1/20/2026
23946,365331.897,2257928.593,886.626,BS_INV-34_B_S01,1/20/2026
23947,365385.05,2257928.522,886.778,BS_INV-34_B_S01,1/20/2026
23948,365411.656,2257928.542,886.998,BS_INV-34_B_S01,1/20/2026
23949,365438.217,2257928.526,887.27,BS_INV-34_B_S01,1/20/2026
23950,365016.113,2257948.057,887.767,BS_INV-34_B_S01,1/20/2026
23951,365042.694,2257948.022,887.548,BS_INV-34_B_S01,1/20/2026
23952,365069.303,2257948.041,887.32,BS_INV-34_B_S01,1/20/2026
23953,365095.927,2257948.02,887.252,BS_INV-34_B_S01,1/20/2026
23954,365122.516,2257947.968,886.988,BS_INV-34_B_S01,1/20/2026
23955,365149.109,2257947.991,887.129,BS_INV-34_B_S01,1/20/2026
23956,365175.746,2257948.009,886.85,BS_INV-34_B_S01,1/20/2026
23957,365202.268,2257948.007,886.599,BS_INV-34_B_S01,1/20/2026
23958,365252.1,2257948.02,886.49,BS_INV-34_B_S01,1/20/2026
23959,365278.732,2257948.034,886.522,BS_INV-34_B_S01,1/20/2026
23960,365358.464,2257928.605,886.645,BS_INV-34_B_S01,1/20/2026
23961,365305.313,2257987.118,886.683,BS_INV-34_B_S01,1/20/2026
23962,365331.884,2257987.061,886.454,BS_INV-34_B_S01,1/20/2026
23963,365358.537,2257987.067,886.527,BS_INV-34_B_S01,1/20/2026
23964,365385.103,2258026.03,886.912,BS_INV-34_B_S01,1/20/2026
23965,365411.725,2258025.999,887.083,BS_INV-34_B_S01,1/20/2026
23966,365438.335,2258025.96,887.33,BS_INV-34_B_S01,1/20/2026
23967,365016.17,2258045.46,888.061,BS_INV-34_B_S01,1/20/2026
23968,365042.744,2258045.478,887.946,BS_INV-34_B_S01,1/20/2026
23969,365069.333,2258045.487,887.788,BS_INV-34_B_S01,1/20/2026
23970,365095.973,2258045.46,887.649,BS_INV-34_B_S01,1/20/2026
23971,365122.61,2258045.49,887.526,BS_INV-34_B_S01,1/20/2026
23972,365149.15,2258045.52,887.46,BS_INV-34_B_S01,1/20/2026
23973,365175.73,2258045.47,887.369,BS_INV-34_B_S01,1/20/2026
23974,365202.309,2258045.479,887.243,BS_INV-34_B_S01,1/20/2026
23975,365252.158,2258045.47,887.244,BS_INV-34_B_S01,1/20/2026
23976,365278.737,2258045.489,887.214,BS_INV-34_B_S01,1/20/2026
23977,365358.487,2258026.009,886.673,BS_INV-34_B_S01,1/20/2026
23978,365305.35,2258045.518,886.983,BS_INV-34_B_S01,1/20/2026
23979,365358.52,2258045.472,886.907,BS_INV-34_B_S01,1/20/2026
23980,365385.114,2258045.497,886.947,BS_INV-34_B_S01,1/20/2026
23981,365411.665,2258045.49,887.267,BS_INV-34_B_S01,1/20/2026
23982,365438.281,2258045.542,887.593,BS_INV-34_B_S01,1/20/2026
23983,365016.161,2258065.01,887.894,BS_INV-34_B_S01,1/20/2026
23984,365042.709,2258065.003,887.739,BS_INV-34_B_S01,1/20/2026
23985,365069.344,2258065.007,887.667,BS_INV-34_B_S01,1/20/2026
23986,365095.944,2258064.966,887.612,BS_INV-34_B_S01,1/20/2026
23987,365122.514,2258064.956,887.447,BS_INV-34_B_S01,1/20/2026
23988,365149.144,2258065.121,887.185,BS_INV-34_B_S01,1/20/2026
23989,365175.743,2258065.04,887.268,BS_INV-34_B_S01,1/20/2026
23990,365202.281,2258065.1,887.144,BS_INV-34_B_S01,1/20/2026
23991,365252.144,2258065.018,887.181,BS_INV-34_B_S01,1/20/2026
23992,365331.93,2258045.482,886.979,BS_INV-34_B_S01,1/20/2026
23993,365385.042,2257909.017,886.769,BS_INV-34_B_S01,1/20/2026
23994,365331.935,2258026.018,886.682,BS_INV-34_B_S01,1/20/2026
23995,365278.763,2258026.026,886.816,BS_INV-34_B_S01,1/20/2026
23996,365385.187,2257987.105,886.699,BS_INV-34_B_S01,1/20/2026
23997,365411.661,2257987.061,887.023,BS_INV-34_B_S01,1/20/2026
23998,365438.303,2257987.025,887.395,BS_INV-34_B_S01,1/20/2026
23999,365016.223,2258006.54,888.41,BS_INV-34_B_S01,1/20/2026
24000,365042.782,2258006.535,888.078,BS_INV-34_B_S01,1/20/2026
24001,365069.396,2258006.532,887.793,BS_INV-34_B_S01,1/20/2026
24002,365095.985,2258006.513,887.588,BS_INV-34_B_S01,1/20/2026
24003,365122.586,2258006.516,887.535,BS_INV-34_B_S01,1/20/2026
24004,365149.148,2258006.543,887.385,BS_INV-34_B_S01,1/20/2026
24005,365175.7,2258006.523,887.234,BS_INV-34_B_S01,1/20/2026
24006,365202.34,2258006.519,887.093,BS_INV-34_B_S01,1/20/2026
24007,365252.184,2258006.522,886.782,BS_INV-34_B_S01,1/20/2026
24008,365278.74,2258006.521,886.794,BS_INV-34_B_S01,1/20/2026
24009,365305.296,2258025.979,886.818,BS_INV-34_B_S01,1/20/2026
24010,365305.312,2258006.477,886.555,BS_INV-34_B_S01,1/20/2026
24011,365358.487,2258006.481,886.589,BS_INV-34_B_S01,1/20/2026
24012,365385.12,2258006.518,886.826,BS_INV-34_B_S01,1/20/2026
24013,365411.683,2258006.512,887.017,BS_INV-34_B_S01,1/20/2026
24014,365438.307,2258006.482,887.384,BS_INV-34_B_S01,1/20/2026
24015,365016.065,2258026.055,888.242,BS_INV-34_B_S01,1/20/2026
24016,365042.611,2258026.112,887.978,BS_INV-34_B_S01,1/20/2026
24017,365069.235,2258026.078,887.873,BS_INV-34_B_S01,1/20/2026
24018,365095.866,2258026.114,887.594,BS_INV-34_B_S01,1/20/2026
24019,365122.452,2258026.102,887.446,BS_INV-34_B_S01,1/20/2026
24020,365149.042,2258026.096,887.271,BS_INV-34_B_S01,1/20/2026
24021,365175.647,2258026.067,887.087,BS_INV-34_B_S01,1/20/2026
24022,365202.315,2258026.025,886.838,BS_INV-34_B_S01,1/20/2026
24023,365252.081,2258025.938,886.831,BS_INV-34_B_S01,1/20/2026
24024,365331.872,2258006.478,886.539,BS_INV-34_B_S01,1/20/2026
24025,365278.72,2258065.071,887.195,BS_INV-34_B_S01,1/20/2026
24026,365358.425,2257909.038,886.77,BS_INV-34_B_S01,1/20/2026
24027,365305.274,2257909.02,886.725,BS_INV-34_B_S01,1/20/2026
24091,365411.738,2257870.049,887.037,BS_INV-34_B_S01,1/20/2026
24092,365438.283,2257870.046,887.435,BS_INV-34_B_S01,1/20/2026
24093,365016.134,2257889.56,887.142,BS_INV-34_B_S01,1/20/2026
24094,365042.715,2257889.539,886.884,BS_INV-34_B_S01,1/20/2026
24095,365069.334,2257889.541,886.807,BS_INV-34_B_S01,1/20/2026
24096,365095.946,2257889.521,886.607,BS_INV-34_B_S01,1/20/2026
24097,365122.484,2257889.556,886.571,BS_INV-34_B_S01,1/20/2026
24098,365149.067,2257889.558,886.485,BS_INV-34_B_S01,1/20/2026
24099,365175.709,2257889.563,886.369,BS_INV-34_B_S01,1/20/2026
24100,365202.285,2257889.518,886.347,BS_INV-34_B_S01,1/20/2026
24101,365252.099,2257889.506,886.403,BS_INV-34_B_S01,1/20/2026
24102,365278.724,2257889.532,886.441,BS_INV-34_B_S01,1/20/2026
24103,365305.331,2257889.54,886.749,BS_INV-34_B_S01,1/20/2026
24104,365385.096,2257870.042,886.842,BS_INV-34_B_S01,1/20/2026
24105,365331.93,2257889.558,886.75,BS_INV-34_B_S01,1/20/2026
24106,365385.089,2257889.56,886.865,BS_INV-34_B_S01,1/20/2026
24107,365411.711,2257889.565,887.142,BS_INV-34_B_S01,1/20/2026
24108,365438.292,2257889.552,887.489,BS_INV-34_B_S01,1/20/2026
24109,365016.08,2257909.057,887.608,BS_INV-34_B_S01,1/20/2026
24110,365042.713,2257909.093,887.448,BS_INV-34_B_S01,1/20/2026
24111,365069.321,2257909.083,887.078,BS_INV-34_B_S01,1/20/2026
24112,365095.898,2257909.042,886.865,BS_INV-34_B_S01,1/20/2026
24113,365122.491,2257909.058,886.839,BS_INV-34_B_S01,1/20/2026
24114,365149.048,2257909.109,886.751,BS_INV-34_B_S01,1/20/2026
24115,365175.676,2257909.028,886.445,BS_INV-34_B_S01,1/20/2026
24116,365202.29,2257909.098,886.348,BS_INV-34_B_S01,1/20/2026
24117,365252.089,2257909.084,886.291,BS_INV-34_B_S01,1/20/2026
24118,365278.651,2257909.081,886.669,BS_INV-34_B_S01,1/20/2026
24119,365358.521,2257889.619,886.721,BS_INV-34_B_S01,1/20/2026
24120,365331.836,2257909.064,886.618,BS_INV-34_B_S01,1/20/2026
24121,365358.492,2257870.051,886.726,BS_INV-34_B_S01,1/20/2026
24122,365305.298,2257870.025,886.628,BS_INV-34_B_S01,1/20/2026
24136,365331.879,2257870.042,886.765,BS_INV-34_B_S01,1/20/2026
24141,365016.102,2257870.047,887.049,BS_INV-34_B_S01,1/20/2026
24142,365042.734,2257870.033,886.748,BS_INV-34_B_S01,1/20/2026
24143,365069.295,2257870.042,886.501,BS_INV-34_B_S01,1/20/2026
24144,365095.975,2257870.029,886.48,BS_INV-34_B_S01,1/20/2026
24145,365122.497,2257870.136,886.408,BS_INV-34_B_S01,1/20/2026
24146,365149.077,2257870.02,886.295,BS_INV-34_B_S01,1/20/2026
24147,365175.72,2257870.06,886.201,BS_INV-34_B_S01,1/20/2026
24148,365202.274,2257870.034,886.076,BS_INV-34_B_S01,1/20/2026
24149,365252.112,2257870.084,886.356,BS_INV-34_B_S01,1/20/2026
24150,365278.706,2257870.013,886.569,BS_INV-34_B_S01,1/20/2026
24152,365305.277,2258065.117,887.144,BS_INV-34_B_S01,1/20/2026
24153,365331.85,2258065.012,887.053,BS_INV-34_B_S01,1/20/2026
24154,365358.438,2258065.059,886.829,BS_INV-34_B_S01,1/20/2026
24155,365385.193,2258260.041,889.122,BS_INV-34_B_S01,1/20/2026
24156,365411.781,2258260.033,889.062,BS_INV-34_B_S01,1/20/2026
24157,365438.378,2258260.049,889.267,BS_INV-34_B_S01,1/20/2026
24182,365358.57,2258260.072,888.973,BS_INV-34_B_S01,1/20/2026
24183,365331.941,2258260.046,888.797,BS_INV-34_B_S01,1/20/2026
24184,365305.327,2258259.99,888.848,BS_INV-34_B_S01,1/20/2026
24185,365278.676,2258259.978,888.784,BS_INV-34_B_S01,1/20/2026
24186,365385.267,2258221.029,888.466,BS_INV-34_B_S01,1/20/2026
24187,365411.805,2258221.009,888.705,BS_INV-34_B_S01,1/20/2026
24188,365438.363,2258221.002,888.824,BS_INV-34_B_S01,1/20/2026
24189,365016.209,2258240.502,887.374,BS_INV-34_B_S01,1/20/2026
24190,365042.753,2258240.535,887.177,BS_INV-34_B_S01,1/20/2026
24191,365069.31,2258240.536,887.177,BS_INV-34_B_S01,1/20/2026
24192,365095.95,2258240.396,887.427,BS_INV-34_B_S01,1/20/2026
24193,365122.517,2258240.534,887.521,BS_INV-34_B_S01,1/20/2026
24194,365149.12,2258240.515,887.847,BS_INV-34_B_S01,1/20/2026
24195,365175.737,2258240.516,888.251,BS_INV-34_B_S01,1/20/2026
24196,365202.294,2258240.575,888.451,BS_INV-34_B_S01,1/20/2026
24197,365252.121,2258240.525,888.631,BS_INV-34_B_S01,1/20/2026
24198,365278.703,2258240.53,888.598,BS_INV-34_B_S01,1/20/2026
24200,365305.32,2258240.59,888.546,BS_INV-34_B_S01,1/20/2026
24201,365358.519,2258240.54,888.653,BS_INV-34_B_S01,1/20/2026
24202,365385.14,2258240.527,888.728,BS_INV-34_B_S01,1/20/2026
24203,365411.757,2258240.527,888.817,BS_INV-34_B_S01,1/20/2026
24204,365438.321,2258240.526,889.126,BS_INV-34_B_S01,1/20/2026
24205,365016.116,2258260.094,887.302,BS_INV-34_B_S01,1/20/2026
24206,365042.751,2258260.055,887.288,BS_INV-34_B_S01,1/20/2026
24207,365069.359,2258260.082,887.314,BS_INV-34_B_S01,1/20/2026
24208,365095.914,2258260.047,887.44,BS_INV-34_B_S01,1/20/2026
24209,365122.56,2258260.023,887.814,BS_INV-34_B_S01,1/20/2026
24210,365149.161,2258260.065,888.061,BS_INV-34_B_S01,1/20/2026
24211,365175.707,2258260.074,888.302,BS_INV-34_B_S01,1/20/2026
24212,365202.309,2258260.037,888.572,BS_INV-34_B_S01,1/20/2026
24213,365252.038,2258260.018,888.738,BS_INV-34_B_S01,1/20/2026
24214,365331.961,2258240.57,888.621,BS_INV-34_B_S01,1/20/2026
24247,365358.535,2258221.043,888.47,BS_INV-34_B_S01,1/20/2026
24279,365331.957,2258221.045,888.43,BS_INV-34_B_S01,1/20/2026
24280,365305.351,2258221.028,888.644,BS_INV-34_B_S01,1/20/2026
24281,365278.718,2258221.041,888.611,BS_INV-34_B_S01,1/20/2026
24282,365385.118,2258103.996,887.575,BS_INV-34_B_S01,1/20/2026
24283,365411.738,2258103.961,887.673,BS_INV-34_B_S01,1/20/2026
24284,365438.278,2258103.954,888.112,BS_INV-34_B_S01,1/20/2026
24285,365016.212,2258123.475,886.99,BS_INV-34_B_S01,1/20/2026
24286,365042.75,2258123.51,886.847,BS_INV-34_B_S01,1/20/2026
24287,365069.445,2258123.518,886.946,BS_INV-34_B_S01,1/20/2026
24288,365095.979,2258123.496,887.098,BS_INV-34_B_S01,1/20/2026
24289,365122.554,2258123.477,886.986,BS_INV-34_B_S01,1/20/2026
24290,365149.162,2258123.507,887.048,BS_INV-34_B_S01,1/20/2026
24291,365175.796,2258123.498,887.35,BS_INV-34_B_S01,1/20/2026
24292,365202.35,2258123.533,887.381,BS_INV-34_B_S01,1/20/2026
24293,365252.205,2258123.557,887.766,BS_INV-34_B_S01,1/20/2026
24294,365278.752,2258123.491,887.87,BS_INV-34_B_S01,1/20/2026
24295,365358.539,2258103.995,887.505,BS_INV-34_B_S01,1/20/2026
24296,365305.356,2258123.501,887.958,BS_INV-34_B_S01,1/20/2026
24297,365358.478,2258123.518,887.594,BS_INV-34_B_S01,1/20/2026
24298,365385.086,2258123.54,887.455,BS_INV-34_B_S01,1/20/2026
24299,365411.683,2258123.487,887.717,BS_INV-34_B_S01,1/20/2026
24300,365438.282,2258123.517,887.997,BS_INV-34_B_S01,1/20/2026
24301,365016.176,2258143.054,887.284,BS_INV-34_B_S01,1/20/2026
24302,365042.789,2258143.063,887.344,BS_INV-34_B_S01,1/20/2026
24303,365069.331,2258143.062,887.286,BS_INV-34_B_S01,1/20/2026
24304,365095.909,2258143.057,887.4,BS_INV-34_B_S01,1/20/2026
24305,365122.544,2258143.128,887.202,BS_INV-34_B_S01,1/20/2026
24306,365149.04,2258143.052,887.293,BS_INV-34_B_S01,1/20/2026
24307,365175.691,2258143.039,887.523,BS_INV-34_B_S01,1/20/2026
24308,365202.309,2258143.061,887.541,BS_INV-34_B_S01,1/20/2026
24309,365252.109,2258143.079,887.971,BS_INV-34_B_S01,1/20/2026
24310,365331.937,2258123.539,887.797,BS_INV-34_B_S01,1/20/2026
24311,365278.74,2258143.103,888.224,BS_INV-34_B_S01,1/20/2026
24312,365332.004,2258103.961,887.758,BS_INV-34_B_S01,1/20/2026
24313,365278.726,2258103.942,887.851,BS_INV-34_B_S01,1/20/2026
24314,365385.033,2258065.058,887.044,BS_INV-34_B_S01,1/20/2026
24315,365411.658,2258065.067,887.202,BS_INV-34_B_S01,1/20/2026
24316,365438.258,2258065.086,887.554,BS_INV-34_B_S01,1/20/2026
24317,365016.112,2258084.484,887.468,BS_INV-34_B_S01,1/20/2026
24318,365042.7,2258084.518,887.427,BS_INV-34_B_S01,1/20/2026
24319,365069.341,2258084.464,887.543,BS_INV-34_B_S01,1/20/2026
24320,365095.902,2258084.438,887.408,BS_INV-34_B_S01,1/20/2026
24321,365122.472,2258084.462,887.364,BS_INV-34_B_S01,1/20/2026
24322,365149.125,2258084.475,887.421,BS_INV-34_B_S01,1/20/2026
24323,365175.606,2258084.46,887.465,BS_INV-34_B_S01,1/20/2026
24324,365202.251,2258084.419,887.389,BS_INV-34_B_S01,1/20/2026
24325,365252.125,2258084.473,887.627,BS_INV-34_B_S01,1/20/2026
24326,365278.672,2258084.447,887.594,BS_INV-34_B_S01,1/20/2026
24327,365305.358,2258103.971,887.937,BS_INV-34_B_S01,1/20/2026
24328,365305.282,2258084.481,887.72,BS_INV-34_B_S01,1/20/2026
24329,365358.456,2258084.466,887.278,BS_INV-34_B_S01,1/20/2026
24330,365385.08,2258084.468,887.331,BS_INV-34_B_S01,1/20/2026
24331,365411.634,2258084.461,887.537,BS_INV-34_B_S01,1/20/2026
24332,365438.275,2258084.468,887.934,BS_INV-34_B_S01,1/20/2026
24333,365016.046,2258103.938,887.316,BS_INV-34_B_S01,1/20/2026
24334,365042.733,2258104.006,887.34,BS_INV-34_B_S01,1/20/2026
24335,365069.357,2258103.931,887.284,BS_INV-34_B_S01,1/20/2026
24336,365095.898,2258103.937,887.349,BS_INV-34_B_S01,1/20/2026
24337,365122.442,2258103.894,887.26,BS_INV-34_B_S01,1/20/2026
24338,365149.155,2258103.965,887.36,BS_INV-34_B_S01,1/20/2026
24339,365175.775,2258103.995,887.439,BS_INV-34_B_S01,1/20/2026
24340,365202.35,2258104.008,887.46,BS_INV-34_B_S01,1/20/2026
24341,365252.154,2258103.996,887.598,BS_INV-34_B_S01,1/20/2026
24342,365331.908,2258084.482,887.503,BS_INV-34_B_S01,1/20/2026
24344,365305.274,2258143.117,888.338,BS_INV-34_B_S01,1/20/2026
24345,365358.46,2258143.038,887.808,BS_INV-34_B_S01,1/20/2026
24346,365384.871,2258181.965,887.871,BS_INV-34_B_S01,1/20/2026
24347,365411.737,2258182.027,887.932,BS_INV-34_B_S01,1/20/2026
24348,365438.334,2258182,888.363,BS_INV-34_B_S01,1/20/2026
24349,365016.137,2258201.495,887.214,BS_INV-34_B_S01,1/20/2026
24350,365042.755,2258201.496,887.217,BS_INV-34_B_S01,1/20/2026
24351,365069.367,2258201.533,887.239,BS_INV-34_B_S01,1/20/2026
24352,365095.939,2258201.41,887.234,BS_INV-34_B_S01,1/20/2026
24353,365122.485,2258201.409,887.239,BS_INV-34_B_S01,1/20/2026
24354,365149.142,2258201.433,887.373,BS_INV-34_B_S01,1/20/2026
24355,365175.68,2258201.384,887.691,BS_INV-34_B_S01,1/20/2026
24356,365202.283,2258201.436,887.966,BS_INV-34_B_S01,1/20/2026
24357,365252.027,2258201.447,888.136,BS_INV-34_B_S01,1/20/2026
24358,365278.653,2258201.473,888.429,BS_INV-34_B_S01,1/20/2026
24359,365358.535,2258182.05,887.9,BS_INV-34_B_S01,1/20/2026
24360,365305.26,2258201.457,888.406,BS_INV-34_B_S01,1/20/2026
24361,365358.5,2258201.508,887.945,BS_INV-34_B_S01,1/20/2026
24362,365385.086,2258201.481,888.022,BS_INV-34_B_S01,1/20/2026
24363,365411.668,2258201.469,888.122,BS_INV-34_B_S01,1/20/2026
24364,365438.345,2258201.491,888.423,BS_INV-34_B_S01,1/20/2026
24365,365016.139,2258221.024,887.505,BS_INV-34_B_S01,1/20/2026
24366,365042.768,2258221.04,887.329,BS_INV-34_B_S01,1/20/2026
24367,365069.326,2258221.082,887.307,BS_INV-34_B_S01,1/20/2026
24368,365095.932,2258221.033,887.414,BS_INV-34_B_S01,1/20/2026
24369,365122.545,2258221.032,887.503,BS_INV-34_B_S01,1/20/2026
24370,365149.11,2258221.102,887.935,BS_INV-34_B_S01,1/20/2026
24371,365175.74,2258221.048,888.252,BS_INV-34_B_S01,1/20/2026
24372,365202.269,2258221.023,888.394,BS_INV-34_B_S01,1/20/2026
24373,365252.1,2258221.027,888.597,BS_INV-34_B_S01,1/20/2026
24374,365331.85,2258201.438,888.126,BS_INV-34_B_S01,1/20/2026
24375,365331.91,2258143.066,888.082,BS_INV-34_B_S01,1/20/2026
24376,365331.947,2258182.043,888.25,BS_INV-34_B_S01,1/20/2026
24377,365278.697,2258182.03,888.415,BS_INV-34_B_S01,1/20/2026
24378,365385.005,2258143.092,887.676,BS_INV-34_B_S01,1/20/2026
24379,365411.611,2258143.122,887.9,BS_INV-34_B_S01,1/20/2026
24380,365438.293,2258143.02,888.149,BS_INV-34_B_S01,1/20/2026
24381,365016.25,2258162.493,887.283,BS_INV-34_B_S01,1/20/2026
24382,365042.739,2258162.502,887.194,BS_INV-34_B_S01,1/20/2026
24383,365069.426,2258162.521,887.323,BS_INV-34_B_S01,1/20/2026
24384,365095.919,2258162.526,887.472,BS_INV-34_B_S01,1/20/2026
24385,365122.415,2258162.487,887.414,BS_INV-34_B_S01,1/20/2026
24386,365149.206,2258162.5,887.464,BS_INV-34_B_S01,1/20/2026
24387,365175.687,2258162.538,887.483,BS_INV-34_B_S01,1/20/2026
24388,365202.287,2258162.517,887.621,BS_INV-34_B_S01,1/20/2026
24389,365252.136,2258162.492,888.096,BS_INV-34_B_S01,1/20/2026
24390,365278.73,2258162.525,888.241,BS_INV-34_B_S01,1/20/2026
24391,365305.254,2258182.03,888.286,BS_INV-34_B_S01,1/20/2026
24392,365305.32,2258162.52,888.344,BS_INV-34_B_S01,1/20/2026
24393,365358.413,2258162.491,887.775,BS_INV-34_B_S01,1/20/2026
24394,365385.139,2258162.523,887.798,BS_INV-34_B_S01,1/20/2026
24395,365411.74,2258162.493,887.783,BS_INV-34_B_S01,1/20/2026
24396,365438.284,2258162.496,888.185,BS_INV-34_B_S01,1/20/2026
24397,365016.119,2258182.025,887.38,BS_INV-34_B_S01,1/20/2026
24398,365042.725,2258182.008,887.293,BS_INV-34_B_S01,1/20/2026
24399,365069.347,2258181.998,887.274,BS_INV-34_B_S01,1/20/2026
24400,365095.902,2258182.025,887.511,BS_INV-34_B_S01,1/20/2026
24401,365122.521,2258182.035,887.465,BS_INV-34_B_S01,1/20/2026
24402,365149.136,2258182.026,887.551,BS_INV-34_B_S01,1/20/2026
24403,365175.738,2258182.027,887.674,BS_INV-34_B_S01,1/20/2026
24404,365202.303,2258182.013,887.86,BS_INV-34_B_S01,1/20/2026
24405,365252.004,2258182.034,888.216,BS_INV-34_B_S01,1/20/2026
24406,365331.928,2258162.52,888.087,BS_INV-34_B_S01,1/20/2026
27717,364652.051,2258143.049,890.116,BS_INV-34_B_S01,1/20/2026
27718,364678.603,2258143.052,889.585,BS_INV-34_B_S01,1/20/2026
27719,364705.184,2258143.026,889.164,BS_INV-34_B_S01,1/20/2026
27720,364754.955,2258143.057,888.544,BS_INV-34_B_S01,1/20/2026
27721,364781.559,2258143.059,888.231,BS_INV-34_B_S01,1/20/2026
27722,364808.176,2258143.064,888.025,BS_INV-34_B_S01,1/20/2026
27723,364834.767,2258143.026,887.797,BS_INV-34_B_S01,1/20/2026
27724,364861.31,2258143.036,887.486,BS_INV-34_B_S01,1/20/2026
27725,364887.983,2258143.034,887.326,BS_INV-34_B_S01,1/20/2026
27726,364914.553,2258143.018,887.448,BS_INV-34_B_S01,1/20/2026
27727,364941.177,2258143.03,887.402,BS_INV-34_B_S01,1/20/2026
27728,364519.036,2258162.512,892.27,BS_INV-34_B_S01,1/20/2026
27729,364545.69,2258162.5,892.284,BS_INV-34_B_S01,1/20/2026
27730,364572.213,2258162.53,891.901,BS_INV-34_B_S01,1/20/2026
27731,364598.847,2258162.479,890.802,BS_INV-34_B_S01,1/20/2026
27732,364625.406,2258162.529,890.408,BS_INV-34_B_S01,1/20/2026
27733,364652.021,2258162.502,889.709,BS_INV-34_B_S01,1/20/2026
27734,364678.624,2258162.52,889.612,BS_INV-34_B_S01,1/20/2026
27735,364705.181,2258162.508,889.176,BS_INV-34_B_S01,1/20/2026
27736,364755.078,2258162.504,888.598,BS_INV-34_B_S01,1/20/2026
27737,364781.681,2258162.48,888.266,BS_INV-34_B_S01,1/20/2026
27738,364808.19,2258162.487,887.998,BS_INV-34_B_S01,1/20/2026
27739,364834.754,2258162.511,887.753,BS_INV-34_B_S01,1/20/2026
27740,364861.356,2258162.52,887.387,BS_INV-34_B_S01,1/20/2026
27741,364888.061,2258162.495,887.275,BS_INV-34_B_S01,1/20/2026
27742,364914.61,2258162.487,887.356,BS_INV-34_B_S01,1/20/2026
27743,364941.148,2258162.55,887.421,BS_INV-34_B_S01,1/20/2026
27744,364625.491,2258143.057,890.926,BS_INV-34_B_S01,1/20/2026
27745,364598.857,2258143.064,891.909,BS_INV-34_B_S01,1/20/2026
27746,364572.286,2258143.019,892.736,BS_INV-34_B_S01,1/20/2026
27747,364545.723,2258143.037,893.34,BS_INV-34_B_S01,1/20/2026
27761,364519.061,2258181.989,891.165,BS_INV-34_B_S01,1/20/2026
27775,364519.096,2258143.079,893.341,BS_INV-34_B_S01,1/20/2026
27777,364545.643,2258181.975,891.376,BS_INV-34_B_S01,1/20/2026
27778,364572.274,2258182.027,890.882,BS_INV-34_B_S01,1/20/2026
27779,364598.828,2258182.008,890.229,BS_INV-34_B_S01,1/20/2026
27812,364625.373,2258182.008,890.132,BS_INV-34_B_S01,1/20/2026
27813,364651.997,2258181.965,889.794,BS_INV-34_B_S01,1/20/2026
27814,364678.602,2258181.973,889.486,BS_INV-34_B_S01,1/20/2026
27815,364705.442,2258181.973,889.435,BS_INV-34_B_S01,1/20/2026
27816,364755.035,2258181.98,888.675,BS_INV-34_B_S01,1/20/2026
27817,364781.572,2258181.994,888.327,BS_INV-34_B_S01,1/20/2026
27818,364808.165,2258181.981,888.22,BS_INV-34_B_S01,1/20/2026
27819,364834.784,2258182.016,887.848,BS_INV-34_B_S01,1/20/2026
27820,364861.361,2258182.004,887.631,BS_INV-34_B_S01,1/20/2026
27821,364887.961,2258181.996,887.414,BS_INV-34_B_S01,1/20/2026
27822,364914.545,2258182.029,887.204,BS_INV-34_B_S01,1/20/2026
27823,364941.139,2258181.997,887.261,BS_INV-34_B_S01,1/20/2026
38863,363993.906,2258182.041,884.504,BS_INV-34_B_S01,1/20/2026
38864,363967.251,2258182.029,884.201,BS_INV-34_B_S01,1/20/2026
38877,363967.411,2258142.985,884.452,BS_INV-34_B_S01,1/20/2026
38878,363993.891,2258142.955,884.829,BS_INV-34_B_S01,1/20/2026
38879,363967.3,2258162.553,884.312,BS_INV-34_B_S01,1/20/2026
38880,363993.902,2258162.526,884.52,BS_INV-34_B_S01,1/20/2026
38883,365016.232,2257850.652,886.96,BS_INV-34_B_S01,1/20/2026
38884,365016.179,2257831.084,886.64,BS_INV-34_B_S01,1/20/2026
38933,364989.532,2257792.088,885.827,BS_INV-34_B_S01,1/20/2026
38934,365016.183,2257792.079,885.535,BS_INV-34_B_S01,1/20/2026
38935,364989.6,2257811.552,886.332,BS_INV-34_B_S01,1/20/2026
38936,365016.18,2257811.532,886.104,BS_INV-34_B_S01,1/20/2026
38937,364989.608,2257830.997,886.569,BS_INV-34_B_S01,1/20/2026
38944,364492.482,2257948.019,894.287,BS_INV-34_B_S01,1/20/2026
38945,364519.114,2257947.984,894.037,BS_INV-34_B_S01,1/20/2026
38949,364989.588,2257850.579,887.085,BS_INV-34_B_S01,1/20/2026
39000,364634.149,2258006.508,891.43,BS_INV-34_B_S01,1/20/2026
39015,364611.898,2258006.449,892.634,BS_INV-34_B_S01,1/20/2026
39017,364633.992,2258025.997,891.725,BS_INV-34_B_S01,1/20/2026
39018,364634.103,2258045.45,891.99,BS_INV-34_B_S01,1/20/2026
39031,364611.815,2258065.023,893.486,BS_INV-34_B_S01,1/20/2026
39032,364634.033,2258065.012,892.34,BS_INV-34_B_S01,1/20/2026
39033,364611.888,2258045.472,893.119,BS_INV-34_B_S01,1/20/2026
39034,364611.831,2258026.031,893.103,BS_INV-34_B_S01,1/20/2026
39935,364989.553,2257772.544,885.213,BS_INV-34_B_S01,1/20/2026
39936,365016.098,2257772.499,884.721,BS_INV-34_B_S01,1/20/2026
40024,364989.595,2257752.942,884.616,BS_INV-34_B_S01,1/20/2026
40034,365016.169,2257752.938,883.93,BS_INV-34_B_S01,1/20/2026
40035,364989.583,2257733.451,883.348,BS_INV-34_B_S01,1/20/2026
40036,365016.186,2257733.446,883.12,BS_INV-34_B_S01,1/20/2026
40041,363967.389,2257928.609,884.9,BS_INV-34_B_S01,1/20/2026
40042,363993.977,2257928.497,884.811,BS_INV-34_B_S01,1/20/2026
40043,363967.339,2257909.051,884.883,BS_INV-34_B_S01,1/20/2026
40044,363993.925,2257909.068,884.709,BS_INV-34_B_S01,1/20/2026
40045,363967.34,2257889.579,884.745,BS_INV-34_B_S01,1/20/2026
40046,363993.942,2257889.55,884.762,BS_INV-34_B_S01,1/20/2026
40047,363967.345,2257947.982,884.842,BS_INV-34_B_S01,1/20/2026
40048,363993.96,2257947.986,884.718,BS_INV-34_B_S01,1/20/2026
40049,364415.899,2257947.973,894.632,BS_INV-34_B_S01,1/20/2026
40050,364442.471,2257947.954,894.748,BS_INV-34_B_S01,1/20/2026
40051,363967.39,2258123.492,884.437,BS_INV-34_B_S01,1/20/2026
40053,363993.943,2258123.526,884.675,BS_INV-34_B_S01,1/20/2026
40072,364415.995,2258123.537,891.007,BS_INV-34_B_S01,1/20/2026
40073,364442.532,2258123.517,891.701,BS_INV-34_B_S01,1/20/2026
40074,363967.283,2258104.018,884.425,BS_INV-34_B_S01,1/20/2026
40075,363993.933,2258006.471,884.882,BS_INV-34_B_S01,1/20/2026
40076,364415.923,2258006.506,894.447,BS_INV-34_B_S01,1/20/2026
40077,364442.662,2258006.425,894.598,BS_INV-34_B_S01,1/20/2026
40078,363967.328,2257986.991,884.689,BS_INV-34_B_S01,1/20/2026
40079,363993.909,2257986.98,884.947,BS_INV-34_B_S01,1/20/2026
40080,364415.948,2257986.961,894.764,BS_INV-34_B_S01,1/20/2026
40081,364442.488,2257986.983,895.238,BS_INV-34_B_S01,1/20/2026
40082,363967.379,2257967.481,884.774,BS_INV-34_B_S01,1/20/2026
40083,363993.914,2257967.466,884.813,BS_INV-34_B_S01,1/20/2026
40084,364415.899,2257967.544,895.02,BS_INV-34_B_S01,1/20/2026
40085,364442.443,2257967.48,895.126,BS_INV-34_B_S01,1/20/2026
40086,364492.528,2258123.529,893.531,BS_INV-34_B_S01,1/20/2026
40087,364519.109,2258123.522,893.936,BS_INV-34_B_S01,1/20/2026
40088,364492.473,2257870.005,890.988,BS_INV-34_B_S01,1/20/2026
40089,364518.982,2257870.019,890.2,BS_INV-34_B_S01,1/20/2026
40090,363967.338,2258006.487,884.628,BS_INV-34_B_S01,1/20/2026
40091,364442.413,2258026.01,894.855,BS_INV-34_B_S01,1/20/2026
40092,364415.898,2258026.048,894.354,BS_INV-34_B_S01,1/20/2026
40093,363993.909,2258026.036,885.044,BS_INV-34_B_S01,1/20/2026
40094,363993.857,2258104.051,885.084,BS_INV-34_B_S01,1/20/2026
40095,364415.917,2258103.996,891.809,BS_INV-34_B_S01,1/20/2026
40096,364442.56,2258103.943,892.769,BS_INV-34_B_S01,1/20/2026
40097,363967.302,2258084.557,884.644,BS_INV-34_B_S01,1/20/2026
40098,363993.851,2258084.425,885.239,BS_INV-34_B_S01,1/20/2026
40099,364415.953,2258084.461,892.402,BS_INV-34_B_S01,1/20/2026
40100,364442.299,2258084.463,893.596,BS_INV-34_B_S01,1/20/2026
40102,363967.302,2258065.018,884.96,BS_INV-34_B_S01,1/20/2026
40103,364415.837,2258065.057,893.166,BS_INV-34_B_S01,1/20/2026
40104,364442.516,2258065.025,894.223,BS_INV-34_B_S01,1/20/2026
40105,363967.32,2258045.584,884.823,BS_INV-34_B_S01,1/20/2026
40106,363993.826,2258045.616,885.168,BS_INV-34_B_S01,1/20/2026
40107,364415.873,2258045.58,893.955,BS_INV-34_B_S01,1/20/2026
40108,364442.457,2258045.57,894.547,BS_INV-34_B_S01,1/20/2026
40109,363967.282,2258026.057,884.751,BS_INV-34_B_S01,1/20/2026
40110,363993.868,2258065.085,885.231,BS_INV-34_B_S01,1/20/2026
40470,363967.292,2258201.565,884.291,BS_INV-34_B_S01,1/20/2026
40471,363993.87,2258201.467,884.522,BS_INV-34_B_S01,1/20/2026
43576,365464.871,2257850.596,887.804,BS_INV-34_B_S01,1/20/2026
43578,365464.858,2257831.07,887.959,BS_INV-34_B_S01,1/20/2026
43585,364442.555,2258181.973,889.817,BS_INV-34_B_S01,1/20/2026
43586,364442.608,2258162.518,890.548,BS_INV-34_B_S01,1/20/2026
43587,364442.522,2258143.021,891.074,BS_INV-34_B_S01,1/20/2026
43599,365464.845,2257811.538,888.05,BS_INV-34_B_S01,1/20/2026
43618,365464.846,2257792.046,887.91,BS_INV-34_B_S01,1/20/2026
43633,364967.665,2257948.035,887.808,BS_INV-34_B_S01,1/20/2026
44180,364967.651,2257870.06,887.093,BS_INV-34_B_S01,1/20/2026
44181,364967.782,2257928.506,887.746,BS_INV-34_B_S01,1/20/2026
44182,364492.573,2257928.49,893.83,BS_INV-34_B_S01,1/20/2026
44183,364967.643,2257909.04,887.588,BS_INV-34_B_S01,1/20/2026
44184,364492.487,2257908.986,893.073,BS_INV-34_B_S01,1/20/2026
44185,364967.657,2257889.491,887.294,BS_INV-34_B_S01,1/20/2026
44186,364492.567,2257889.444,892.087,BS_INV-34_B_S01,1/20/2026
44187,364967.821,2258123.502,886.99,BS_INV-34_B_S01,1/20/2026
44188,364442.554,2257889.461,893.227,BS_INV-34_B_S01,1/20/2026
44189,364442.468,2257909.069,894.153,BS_INV-34_B_S01,1/20/2026
44190,364442.496,2257928.499,894.44,BS_INV-34_B_S01,1/20/2026
44217,365464.816,2257733.405,887.56,BS_INV-34_B_S01,1/20/2026
44218,365464.82,2257752.987,887.85,BS_INV-34_B_S01,1/20/2026
44219,365464.823,2257772.54,887.879,BS_INV-34_B_S01,1/20/2026
44346,364442.676,2258201.564,889.392,BS_INV-34_B_S01,1/20/2026
44352,364967.699,2258260.06,887.504,BS_INV-34_B_S01,1/20/2026
44353,364492.388,2258259.996,889.119,BS_INV-34_B_S01,1/20/2026
44354,364967.679,2258240.589,887.476,BS_INV-34_B_S01,1/20/2026
44355,364492.495,2258240.517,889.434,BS_INV-34_B_S01,1/20/2026
44356,364967.773,2258221.021,887.262,BS_INV-34_B_S01,1/20/2026
44357,364492.449,2258220.997,889.752,BS_INV-34_B_S01,1/20/2026
44358,364967.679,2258201.539,887.47,BS_INV-34_B_S01,1/20/2026
44359,364492.426,2258201.555,890.244,BS_INV-34_B_S01,1/20/2026
44557,364967.735,2258045.465,888.143,BS_INV-34_B_S01,1/20/2026
44558,364967.71,2258064.978,887.922,BS_INV-34_B_S01,1/20/2026
44572,364967.646,2258026.081,888.365,BS_INV-34_B_S01,1/20/2026
44574,364967.735,2258006.519,888.246,BS_INV-34_B_S01,1/20/2026
45194,364967.76,2258182.028,887.303,BS_INV-34_B_S01,1/20/2026
45195,364492.456,2258181.986,890.918,BS_INV-34_B_S01,1/20/2026
45196,364967.744,2258162.458,887.442,BS_INV-34_B_S01,1/20/2026
45197,364492.448,2258162.535,891.945,BS_INV-34_B_S01,1/20/2026
45198,364967.702,2258143.067,887.381,BS_INV-34_B_S01,1/20/2026
45199,364492.561,2258143.062,892.777,BS_INV-34_B_S01,1/20/2026
45702,364989.604,2258260.07,887.447,BS_INV-34_B_S01,1/20/2026
45779,364989.584,2258084.491,887.539,BS_INV-34_B_S01,1/20/2026
45780,365464.841,2258065.076,887.908,BS_INV-34_B_S01,1/20/2026
45781,364989.578,2258064.994,887.94,BS_INV-34_B_S01,1/20/2026
45782,365464.855,2258045.512,887.947,BS_INV-34_B_S01,1/20/2026
45783,364989.53,2258045.495,888.229,BS_INV-34_B_S01,1/20/2026
45784,365464.898,2258026.018,887.755,BS_INV-34_B_S01,1/20/2026
45785,364989.466,2258026.088,888.238,BS_INV-34_B_S01,1/20/2026
45786,365464.909,2258006.49,887.641,BS_INV-34_B_S01,1/20/2026
45787,364989.592,2258006.509,888.193,BS_INV-34_B_S01,1/20/2026
45788,365464.914,2257987.046,887.818,BS_INV-34_B_S01,1/20/2026
45789,364989.563,2257987.095,888.16,BS_INV-34_B_S01,1/20/2026
45790,365464.868,2257967.522,887.709,BS_INV-34_B_S01,1/20/2026
45791,364989.535,2257967.565,887.964,BS_INV-34_B_S01,1/20/2026
45792,365464.897,2257948.025,887.595,BS_INV-34_B_S01,1/20/2026
45793,364989.501,2257948.01,887.877,BS_INV-34_B_S01,1/20/2026
45794,365464.847,2258084.489,888.142,BS_INV-34_B_S01,1/20/2026
45795,365464.816,2257928.532,887.624,BS_INV-34_B_S01,1/20/2026
45796,364989.565,2258103.952,887.322,BS_INV-34_B_S01,1/20/2026
45797,364989.579,2258123.557,887.076,BS_INV-34_B_S01,1/20/2026
45798,365465.011,2258259.978,889.414,BS_INV-34_B_S01,1/20/2026
45800,365464.965,2258240.513,889.155,BS_INV-34_B_S01,1/20/2026
45801,364989.589,2258240.555,887.403,BS_INV-34_B_S01,1/20/2026
45802,365464.946,2258220.974,889.22,BS_INV-34_B_S01,1/20/2026
45803,364989.573,2258221.034,887.329,BS_INV-34_B_S01,1/20/2026
45804,365464.917,2258201.425,888.896,BS_INV-34_B_S01,1/20/2026
45805,364989.579,2258201.548,887.358,BS_INV-34_B_S01,1/20/2026
45806,365464.914,2258181.995,888.685,BS_INV-34_B_S01,1/20/2026
45807,364989.625,2258182.017,887.244,BS_INV-34_B_S01,1/20/2026
45808,365464.916,2258162.473,888.55,BS_INV-34_B_S01,1/20/2026
45809,364989.58,2258162.489,887.344,BS_INV-34_B_S01,1/20/2026
45810,365464.86,2258143.084,888.622,BS_INV-34_B_S01,1/20/2026
45811,364989.578,2258143.029,887.223,BS_INV-34_B_S01,1/20/2026
45812,365464.917,2258123.544,888.45,BS_INV-34_B_S01,1/20/2026
45813,365464.892,2258103.97,888.422,BS_INV-34_B_S01,1/20/2026
45814,364989.625,2257928.444,887.828,BS_INV-34_B_S01,1/20/2026
45815,365464.828,2257909.033,887.761,BS_INV-34_B_S01,1/20/2026
45816,364989.502,2257909.101,887.662,BS_INV-34_B_S01,1/20/2026
45836,365464.815,2257889.53,887.681,BS_INV-34_B_S01,1/20/2026
45837,364989.53,2257889.59,887.32,BS_INV-34_B_S01,1/20/2026
45838,365464.875,2257870.088,887.728,BS_INV-34_B_S01,1/20/2026
45839,364989.5,2257870.037,887.213,BS_INV-34_B_S01,1/20/2026
46009,365227.243,2257792.009,885.821,BS_INV-34_B_S01,1/20/2026
46036,364730.013,2257948.035,888.641,BS_INV-34_B_S01,1/20/2026
46055,365227.253,2257811.501,885.788,BS_INV-34_B_S01,1/20/2026
46078,365227.27,2257831.054,885.999,BS_INV-34_B_S01,1/20/2026
46116,365227.24,2257850.551,886.006,BS_INV-34_B_S01,1/20/2026
46144,364204.958,2258182.02,886.32,BS_INV-34_B_S01,1/20/2026
46145,364204.962,2258162.555,886.401,BS_INV-34_B_S01,1/20/2026
46146,364205.005,2258143.062,886.387,BS_INV-34_B_S01,1/20/2026
46213,364730.043,2258045.52,889.297,BS_INV-34_B_S01,1/20/2026
46227,364729.945,2258006.585,889.255,BS_INV-34_B_S01,1/20/2026
46228,364729.991,2258026.058,889.356,BS_INV-34_B_S01,1/20/2026
46229,364729.985,2258065.057,889.291,BS_INV-34_B_S01,1/20/2026
46627,365227.153,2257733.492,885.924,BS_INV-34_B_S01,1/20/2026
46628,365227.197,2257752.979,885.922,BS_INV-34_B_S01,1/20/2026
46629,365227.229,2257772.519,885.749,BS_INV-34_B_S01,1/20/2026
46730,364204.919,2258006.572,887.064,BS_INV-34_B_S01,1/20/2026
46731,364204.976,2258026.042,886.988,BS_INV-34_B_S01,1/20/2026
46732,364204.885,2258045.55,886.882,BS_INV-34_B_S01,1/20/2026
46733,364204.967,2258065.044,886.855,BS_INV-34_B_S01,1/20/2026
46734,364204.958,2258084.518,886.657,BS_INV-34_B_S01,1/20/2026
46735,364204.964,2258103.989,886.511,BS_INV-34_B_S01,1/20/2026
46736,364204.951,2258123.526,886.611,BS_INV-34_B_S01,1/20/2026
46737,364204.999,2257948.043,888.181,BS_INV-34_B_S01,1/20/2026
46738,364204.952,2257889.578,889.432,BS_INV-34_B_S01,1/20/2026
46739,364204.923,2257909.04,889.165,BS_INV-34_B_S01,1/20/2026
46740,364204.952,2257928.536,888.751,BS_INV-34_B_S01,1/20/2026
46745,364204.905,2257987.035,887.399,BS_INV-34_B_S01,1/20/2026
46746,364204.941,2257967.527,887.777,BS_INV-34_B_S01,1/20/2026
46747,364730.01,2258123.558,888.819,BS_INV-34_B_S01,1/20/2026
46748,364729.943,2257889.54,886.155,BS_INV-34_B_S01,1/20/2026
46762,364729.965,2257869.956,884.828,BS_INV-34_B_S01,1/20/2026
46763,364730.026,2257928.545,888.25,BS_INV-34_B_S01,1/20/2026
46764,364730.169,2257909.04,887.367,BS_INV-34_B_S01,1/20/2026
46887,364729.946,2258260.041,889.379,BS_INV-34_B_S01,1/20/2026
46888,364730.011,2258240.536,889.318,BS_INV-34_B_S01,1/20/2026
46889,364730.029,2258221.086,889.143,BS_INV-34_B_S01,1/20/2026
46890,364729.993,2258201.57,889.324,BS_INV-34_B_S01,1/20/2026
46892,364204.951,2258201.524,885.999,BS_INV-34_B_S01,1/20/2026
47305,365227.204,2257889.558,886.357,BS_INV-34_B_S01,1/20/2026
47306,365227.209,2257870.063,886.122,BS_INV-34_B_S01,1/20/2026
47320,365227.194,2257909.073,886.438,BS_INV-34_B_S01,1/20/2026
47322,365227.231,2257928.585,886.479,BS_INV-34_B_S01,1/20/2026
47323,365227.198,2257967.598,886.589,BS_INV-34_B_S01,1/20/2026
47324,365227.305,2258260.033,888.61,BS_INV-34_B_S01,1/20/2026
47325,365227.226,2258240.533,888.404,BS_INV-34_B_S01,1/20/2026
47326,365227.231,2258221.024,888.379,BS_INV-34_B_S01,1/20/2026
47327,365227.267,2258201.526,888.287,BS_INV-34_B_S01,1/20/2026
47328,365227.253,2258182.047,887.834,BS_INV-34_B_S01,1/20/2026
47329,365227.169,2258162.538,887.642,BS_INV-34_B_S01,1/20/2026
47330,365227.132,2258143.046,887.555,BS_INV-34_B_S01,1/20/2026
47331,365227.213,2258123.543,887.693,BS_INV-34_B_S01,1/20/2026
47332,365227.196,2258104.041,887.44,BS_INV-34_B_S01,1/20/2026
47333,365227.207,2258084.55,887.496,BS_INV-34_B_S01,1/20/2026
47334,365227.216,2258065.027,887.266,BS_INV-34_B_S01,1/20/2026
47335,365227.206,2258045.55,887.212,BS_INV-34_B_S01,1/20/2026
47336,365227.217,2258026.105,886.849,BS_INV-34_B_S01,1/20/2026
47337,365227.194,2258006.544,886.754,BS_INV-34_B_S01,1/20/2026
47338,365227.2,2257987.088,886.586,BS_INV-34_B_S01,1/20/2026
47339,365227.259,2257948.083,886.437,BS_INV-34_B_S01,1/20/2026
47634,364729.974,2258182.114,889.052,BS_INV-34_B_S01,1/20/2026
47635,364729.998,2258162.54,888.874,BS_INV-34_B_S01,1/20/2026
47636,364729.98,2258143.083,888.81,BS_INV-34_B_S01,1/20/2026
400312,365226.182,2257692.012,885.788,BS_INV-34_B_S01,1/20/2026
400313,365226.154,2258262.564,888.655,BS_INV-34_B_S01,1/20/2026
400314,364205.934,2258203.895,885.845,BS_INV-34_B_S01,1/20/2026
400315,364205.931,2257887.081,889.691,BS_INV-34_B_S01,1/20/2026
400316,364729.11,2257828.593,882.432,BS_INV-34_B_S01,1/20/2026
400317,364729.133,2258262.417,889.367,BS_INV-34_B_S01,1/20/2026
400318,364732.587,2258063.897,889.204,BS_INV-34_B_S01,1/20/2026
400319,364455.147,2258044.551,894.775,BS_INV-34_B_S01,1/20/2026
400320,364202.434,2258044.473,886.809,BS_INV-34_B_S01,1/20/2026
400321,365229.663,2258024.933,886.944,BS_INV-34_B_S01,1/20/2026
400322,364592.413,2258024.909,893.737,BS_INV-34_B_S01,1/20/2026
400323,365229.64,2258026.974,886.971,BS_INV-34_B_S01,1/20/2026
400324,364592.442,2258026.921,893.795,BS_INV-34_B_S01,1/20/2026
400325,364592.36,2258063.942,894.282,BS_INV-34_B_S01,1/20/2026
600322,364599.241,2258023.957,893.418,BS_INV-34_B_S01,1/20/2026
600323,364593.471,2258023.957,893.696,BS_INV-34_B_S01,1/20/2026
600324,364605.011,2258023.973,893.157,BS_INV-34_B_S01,1/20/2026
600325,364604.988,2258027.909,893.237,BS_INV-34_B_S01,1/20/2026
600326,364593.51,2258027.904,893.838,BS_INV-34_B_S01,1/20/2026
600327,364599.237,2258027.866,893.557,BS_INV-34_B_S01,1/20/2026
600328,364453.964,2258043.507,894.829,BS_INV-34_B_S01,1/20/2026
600329,364449.375,2258043.498,894.798,BS_INV-34_B_S01,1/20/2026
600330,364453.88,2258045.37,894.821,BS_INV-34_B_S01,1/20/2026
600331,364449.341,2258045.431,894.707,BS_INV-34_B_S01,1/20/2026
600332,364599.357,2258063.045,894.209,BS_INV-34_B_S01,1/20/2026
600333,364593.56,2258063.013,894.252,BS_INV-34_B_S01,1/20/2026
600334,364604.987,2258063.003,893.887,BS_INV-34_B_S01,1/20/2026
800002,364554.251,2258052.773,894.968,BS_INV-34_B_S01,1/20/2026
269,364967.675,2257831.027,890.676,BS_INV-34_T_S01,1/20/2026
270,364914.436,2257831.042,889.59,BS_INV-34_T_S01,1/20/2026
313,364941,2257831.046,890.256,BS_INV-34_T_S01,1/20/2026
316,364914.542,2257850.554,889.968,BS_INV-34_T_S01,1/20/2026
317,364941.176,2257850.603,890.491,BS_INV-34_T_S01,1/20/2026
318,364967.664,2257850.622,890.824,BS_INV-34_T_S01,1/20/2026
319,364492.518,2257831.033,893.126,BS_INV-34_T_S01,1/20/2026
320,364519.055,2257830.97,892.44,BS_INV-34_T_S01,1/20/2026
321,364545.6,2257830.971,891.636,BS_INV-34_T_S01,1/20/2026
322,364572.152,2257830.95,890.621,BS_INV-34_T_S01,1/20/2026
323,364598.836,2257830.984,889.542,BS_INV-34_T_S01,1/20/2026
324,364887.864,2257850.649,889.207,BS_INV-34_T_S01,1/20/2026
325,364625.224,2257831.007,888.604,BS_INV-34_T_S01,1/20/2026
326,364678.511,2257831.005,887.637,BS_INV-34_T_S01,1/20/2026
327,364705.187,2257831.002,887.292,BS_INV-34_T_S01,1/20/2026
328,364754.924,2257830.978,886.455,BS_INV-34_T_S01,1/20/2026
329,364781.57,2257831.003,886.458,BS_INV-34_T_S01,1/20/2026
330,364808.072,2257831.004,886.568,BS_INV-34_T_S01,1/20/2026
331,364834.711,2257830.989,887.061,BS_INV-34_T_S01,1/20/2026
332,364861.312,2257831.017,887.665,BS_INV-34_T_S01,1/20/2026
333,364887.911,2257831.037,888.727,BS_INV-34_T_S01,1/20/2026
334,364651.2,2257831.039,891.235,BS_INV-34_T_S01,1/20/2026
335,364861.385,2257850.542,888.448,BS_INV-34_T_S01,1/20/2026
336,364834.752,2257850.531,887.74,BS_INV-34_T_S01,1/20/2026
337,364808.237,2257850.609,887.337,BS_INV-34_T_S01,1/20/2026
346,364492.388,2257850.544,894.504,BS_INV-34_T_S01,1/20/2026
347,364519.072,2257850.599,893.396,BS_INV-34_T_S01,1/20/2026
348,364545.644,2257850.629,892.518,BS_INV-34_T_S01,1/20/2026
349,364572.23,2257850.583,891.658,BS_INV-34_T_S01,1/20/2026
350,364598.752,2257850.621,890.836,BS_INV-34_T_S01,1/20/2026
351,364625.464,2257850.626,890.258,BS_INV-34_T_S01,1/20/2026
352,364651.978,2257850.662,889.488,BS_INV-34_T_S01,1/20/2026
353,364678.54,2257850.641,888.777,BS_INV-34_T_S01,1/20/2026
354,364705.108,2257850.682,888.063,BS_INV-34_T_S01,1/20/2026
355,364754.974,2257850.616,887.162,BS_INV-34_T_S01,1/20/2026
356,364781.649,2257850.686,887.197,BS_INV-34_T_S01,1/20/2026
1169,365095.896,2257714.01,888.204,BS_INV-34_T_S01,1/20/2026
1170,365122.477,2257714.074,888.466,BS_INV-34_T_S01,1/20/2026
1171,365149.085,2257714.054,888.698,BS_INV-34_T_S01,1/20/2026
1172,365175.626,2257714.078,889.041,BS_INV-34_T_S01,1/20/2026
1173,365202.285,2257714.043,889.368,BS_INV-34_T_S01,1/20/2026
1174,365252.045,2257714.021,889.735,BS_INV-34_T_S01,1/20/2026
1175,365278.761,2257713.962,889.886,BS_INV-34_T_S01,1/20/2026
1176,365305.28,2257714.08,890.008,BS_INV-34_T_S01,1/20/2026
1177,365069.263,2257714.064,887.943,BS_INV-34_T_S01,1/20/2026
1178,365331.857,2257714.149,890.263,BS_INV-34_T_S01,1/20/2026
1179,365385.068,2257714.051,890.839,BS_INV-34_T_S01,1/20/2026
1180,365411.553,2257714.033,891.012,BS_INV-34_T_S01,1/20/2026
1181,365438.199,2257714.073,890.999,BS_INV-34_T_S01,1/20/2026
1182,365464.853,2257714.042,890.835,BS_INV-34_T_S01,1/20/2026
1187,365358.482,2257714.04,890.442,BS_INV-34_T_S01,1/20/2026
1188,365042.69,2257714.067,887.453,BS_INV-34_T_S01,1/20/2026
1189,365016.164,2257714.023,887.295,BS_INV-34_T_S01,1/20/2026
1190,364989.594,2257714.03,886.547,BS_INV-34_T_S01,1/20/2026
1192,364989.588,2257694.576,886.651,BS_INV-34_T_S01,1/20/2026
1193,365016.242,2257694.55,886.971,BS_INV-34_T_S01,1/20/2026
1194,365042.737,2257694.636,887.834,BS_INV-34_T_S01,1/20/2026
1195,365069.263,2257694.584,888.248,BS_INV-34_T_S01,1/20/2026
1196,365095.882,2257694.599,888.493,BS_INV-34_T_S01,1/20/2026
1197,365122.566,2257694.583,888.541,BS_INV-34_T_S01,1/20/2026
1198,365149.076,2257694.583,888.798,BS_INV-34_T_S01,1/20/2026
1199,365175.688,2257694.531,889.125,BS_INV-34_T_S01,1/20/2026
1200,365202.259,2257694.554,889.356,BS_INV-34_T_S01,1/20/2026
1201,365252.136,2257694.567,889.637,BS_INV-34_T_S01,1/20/2026
1202,365278.65,2257694.577,889.909,BS_INV-34_T_S01,1/20/2026
1203,365305.278,2257694.544,890.061,BS_INV-34_T_S01,1/20/2026
1204,365331.842,2257694.562,890.278,BS_INV-34_T_S01,1/20/2026
1205,365358.559,2257694.603,890.704,BS_INV-34_T_S01,1/20/2026
1206,365385.057,2257694.657,890.7,BS_INV-34_T_S01,1/20/2026
1207,365411.687,2257694.562,890.979,BS_INV-34_T_S01,1/20/2026
1208,365438.236,2257694.551,890.967,BS_INV-34_T_S01,1/20/2026
1209,365464.818,2257694.498,891.02,BS_INV-34_T_S01,1/20/2026
1618,364492.33,2258104.045,898.618,BS_INV-34_T_S01,1/20/2026
1619,364519.25,2258103.993,898.722,BS_INV-34_T_S01,1/20/2026
1620,364545.748,2258103.972,898.441,BS_INV-34_T_S01,1/20/2026
1621,364572.385,2258103.998,898.068,BS_INV-34_T_S01,1/20/2026
1622,364598.802,2258104.155,897.174,BS_INV-34_T_S01,1/20/2026
1623,364625.415,2258103.99,896.211,BS_INV-34_T_S01,1/20/2026
1624,364651.884,2258104.003,895.043,BS_INV-34_T_S01,1/20/2026
1625,364678.637,2258104.044,894.129,BS_INV-34_T_S01,1/20/2026
1627,364705.09,2258103.955,893.429,BS_INV-34_T_S01,1/20/2026
1628,364781.467,2258104.011,892.578,BS_INV-34_T_S01,1/20/2026
1629,364808.175,2258103.937,892.217,BS_INV-34_T_S01,1/20/2026
1630,364834.804,2258103.961,891.969,BS_INV-34_T_S01,1/20/2026
1631,364861.428,2258103.952,891.916,BS_INV-34_T_S01,1/20/2026
1632,364887.912,2258103.995,891.867,BS_INV-34_T_S01,1/20/2026
1633,364914.592,2258103.934,891.784,BS_INV-34_T_S01,1/20/2026
1634,364967.708,2258104.003,891.529,BS_INV-34_T_S01,1/20/2026
1635,364492.533,2258084.503,898.974,BS_INV-34_T_S01,1/20/2026
1636,364755.058,2258103.978,892.828,BS_INV-34_T_S01,1/20/2026
1659,364519.065,2258084.579,899.005,BS_INV-34_T_S01,1/20/2026
1661,364545.65,2258084.482,898.842,BS_INV-34_T_S01,1/20/2026
1662,364598.74,2258084.417,897.593,BS_INV-34_T_S01,1/20/2026
1663,364781.567,2257987.012,892.681,BS_INV-34_T_S01,1/20/2026
1664,364808.193,2257987.08,892.484,BS_INV-34_T_S01,1/20/2026
1665,364834.798,2257987.084,892.459,BS_INV-34_T_S01,1/20/2026
1666,364861.366,2257987.037,892.302,BS_INV-34_T_S01,1/20/2026
1667,364887.838,2257987.042,892.39,BS_INV-34_T_S01,1/20/2026
1668,364914.443,2257987.078,892.225,BS_INV-34_T_S01,1/20/2026
1669,364941.095,2257987.158,892.148,BS_INV-34_T_S01,1/20/2026
1670,364967.699,2257987.098,891.989,BS_INV-34_T_S01,1/20/2026
1671,364754.992,2257987.062,892.874,BS_INV-34_T_S01,1/20/2026
1672,364492.517,2257967.483,898.757,BS_INV-34_T_S01,1/20/2026
1673,364545.665,2257967.486,897.958,BS_INV-34_T_S01,1/20/2026
1674,364572.117,2257967.501,896.995,BS_INV-34_T_S01,1/20/2026
1675,364598.828,2257967.517,896.009,BS_INV-34_T_S01,1/20/2026
1676,364625.301,2257967.524,894.894,BS_INV-34_T_S01,1/20/2026
1677,364651.991,2257967.534,894.081,BS_INV-34_T_S01,1/20/2026
1678,364678.496,2257967.587,893.58,BS_INV-34_T_S01,1/20/2026
1679,364705.105,2257967.572,893.428,BS_INV-34_T_S01,1/20/2026
1680,364754.971,2257967.567,892.858,BS_INV-34_T_S01,1/20/2026
1681,364519.069,2257967.459,898.532,BS_INV-34_T_S01,1/20/2026
1682,364705.086,2257987.059,893.243,BS_INV-34_T_S01,1/20/2026
1683,364678.551,2257987.138,893.714,BS_INV-34_T_S01,1/20/2026
1684,364651.961,2257987.081,894.282,BS_INV-34_T_S01,1/20/2026
1685,364625.504,2258084.531,896.414,BS_INV-34_T_S01,1/20/2026
1686,364652.096,2258084.466,895.246,BS_INV-34_T_S01,1/20/2026
1687,364678.541,2258084.535,894.304,BS_INV-34_T_S01,1/20/2026
1688,364705.098,2258084.515,893.687,BS_INV-34_T_S01,1/20/2026
1689,364754.998,2258084.45,893.02,BS_INV-34_T_S01,1/20/2026
1690,364781.607,2258084.493,892.782,BS_INV-34_T_S01,1/20/2026
1691,364808.143,2258084.496,892.559,BS_INV-34_T_S01,1/20/2026
1692,364834.741,2258084.469,892.355,BS_INV-34_T_S01,1/20/2026
1693,364861.402,2258084.491,892.294,BS_INV-34_T_S01,1/20/2026
1694,364887.879,2258084.483,892.317,BS_INV-34_T_S01,1/20/2026
1695,364914.519,2258084.533,892.301,BS_INV-34_T_S01,1/20/2026
1696,364941.152,2258084.45,892.069,BS_INV-34_T_S01,1/20/2026
1697,364967.754,2258084.498,891.891,BS_INV-34_T_S01,1/20/2026
1698,364492.387,2257986.987,898.996,BS_INV-34_T_S01,1/20/2026
1699,364519.081,2257987.105,898.887,BS_INV-34_T_S01,1/20/2026
1700,364545.704,2257987,898.423,BS_INV-34_T_S01,1/20/2026
1701,364572.199,2257987.092,897.609,BS_INV-34_T_S01,1/20/2026
1702,364598.683,2257987.055,896.498,BS_INV-34_T_S01,1/20/2026
1703,364625.333,2257987.048,895.293,BS_INV-34_T_S01,1/20/2026
1704,364572.328,2258084.498,898.318,BS_INV-34_T_S01,1/20/2026
1975,364781.46,2257967.532,892.54,BS_INV-34_T_S01,1/20/2026
2156,364808.146,2257967.548,892.475,BS_INV-34_T_S01,1/20/2026
2157,364861.403,2257967.506,892.319,BS_INV-34_T_S01,1/20/2026
2629,364887.878,2257967.519,892.129,BS_INV-34_T_S01,1/20/2026
2630,364914.504,2257967.537,892.133,BS_INV-34_T_S01,1/20/2026
2631,364941.117,2257967.561,892.243,BS_INV-34_T_S01,1/20/2026
2632,364967.619,2257967.552,892.194,BS_INV-34_T_S01,1/20/2026
2694,364834.781,2257967.505,892.225,BS_INV-34_T_S01,1/20/2026
2875,364941.192,2258104.005,891.545,BS_INV-34_T_S01,1/20/2026
5758,364729.997,2257850.496,887.411,BS_INV-34_T_S01,1/20/2026
5759,364730.011,2257831.049,886.763,BS_INV-34_T_S01,1/20/2026
5770,365227.212,2257694.563,889.656,BS_INV-34_T_S01,1/20/2026
5821,365227.199,2257714.008,889.781,BS_INV-34_T_S01,1/20/2026
5833,364730.028,2257967.53,893.227,BS_INV-34_T_S01,1/20/2026
5851,364730.021,2258104.034,893.129,BS_INV-34_T_S01,1/20/2026
5864,364730.037,2258084.529,893.418,BS_INV-34_T_S01,1/20/2026
5876,364730.022,2257987.078,893.141,BS_INV-34_T_S01,1/20/2026
6091,364781.567,2257948.007,892.502,BS_INV-34_T_S01,1/20/2026
6093,364941.115,2257948.038,891.876,BS_INV-34_T_S01,1/20/2026
6094,364705.209,2257947.992,892.955,BS_INV-34_T_S01,1/20/2026
6095,364914.486,2257948.007,891.954,BS_INV-34_T_S01,1/20/2026
6096,364861.314,2257948.001,891.832,BS_INV-34_T_S01,1/20/2026
6097,364834.703,2257948.042,891.954,BS_INV-34_T_S01,1/20/2026
6098,364808.189,2257948.008,892.025,BS_INV-34_T_S01,1/20/2026
6099,364755.025,2257947.992,892.627,BS_INV-34_T_S01,1/20/2026
6101,364887.876,2257948.063,891.797,BS_INV-34_T_S01,1/20/2026
6114,364678.544,2257948.028,893.147,BS_INV-34_T_S01,1/20/2026
6118,364651.998,2257948.056,893.575,BS_INV-34_T_S01,1/20/2026
6120,364598.841,2257948.079,895.174,BS_INV-34_T_S01,1/20/2026
6134,364625.391,2257947.995,894.173,BS_INV-34_T_S01,1/20/2026
6147,364545.688,2257947.977,897.213,BS_INV-34_T_S01,1/20/2026
6148,364572.225,2257947.982,896.12,BS_INV-34_T_S01,1/20/2026
6342,365175.642,2257811.565,889.874,BS_INV-34_T_S01,1/20/2026
6534,365069.317,2257792.025,889.09,BS_INV-34_T_S01,1/20/2026
6535,365149.102,2257831.06,890.178,BS_INV-34_T_S01,1/20/2026
6536,365175.696,2257831.008,890.297,BS_INV-34_T_S01,1/20/2026
6537,365202.268,2257831.022,890.25,BS_INV-34_T_S01,1/20/2026
6538,365252.134,2257831.068,890.328,BS_INV-34_T_S01,1/20/2026
6539,365278.821,2257831.043,890.516,BS_INV-34_T_S01,1/20/2026
6540,365305.229,2257831.014,890.717,BS_INV-34_T_S01,1/20/2026
6541,365331.88,2257831.051,890.785,BS_INV-34_T_S01,1/20/2026
6542,365358.562,2257831.074,890.797,BS_INV-34_T_S01,1/20/2026
6543,365385.144,2257830.995,891.095,BS_INV-34_T_S01,1/20/2026
6544,365411.734,2257831.054,891.64,BS_INV-34_T_S01,1/20/2026
6545,365438.228,2257831.088,891.782,BS_INV-34_T_S01,1/20/2026
6546,365042.719,2257850.59,890.483,BS_INV-34_T_S01,1/20/2026
6547,365069.516,2257850.552,890.27,BS_INV-34_T_S01,1/20/2026
6548,365122.562,2257830.998,889.981,BS_INV-34_T_S01,1/20/2026
6549,365095.961,2257850.589,890.104,BS_INV-34_T_S01,1/20/2026
6550,365149.062,2257850.631,890.199,BS_INV-34_T_S01,1/20/2026
6551,365175.692,2257850.63,890.23,BS_INV-34_T_S01,1/20/2026
6552,365202.361,2257850.616,890.05,BS_INV-34_T_S01,1/20/2026
6553,365252.185,2257850.566,890.435,BS_INV-34_T_S01,1/20/2026
6554,365278.855,2257850.638,890.486,BS_INV-34_T_S01,1/20/2026
6555,365305.365,2257850.593,890.503,BS_INV-34_T_S01,1/20/2026
6556,365331.921,2257850.624,890.897,BS_INV-34_T_S01,1/20/2026
6557,365358.544,2257850.603,890.865,BS_INV-34_T_S01,1/20/2026
6558,365385.128,2257850.587,890.798,BS_INV-34_T_S01,1/20/2026
6559,365411.718,2257850.649,891.029,BS_INV-34_T_S01,1/20/2026
6560,365438.309,2257850.667,891.329,BS_INV-34_T_S01,1/20/2026
6563,365122.567,2257850.563,890.182,BS_INV-34_T_S01,1/20/2026
6564,365042.747,2257792.001,889.141,BS_INV-34_T_S01,1/20/2026
6565,365095.949,2257831.023,889.797,BS_INV-34_T_S01,1/20/2026
6566,365042.779,2257831.049,890.176,BS_INV-34_T_S01,1/20/2026
6567,365095.859,2257791.984,889.16,BS_INV-34_T_S01,1/20/2026
6568,365122.467,2257792.074,889.242,BS_INV-34_T_S01,1/20/2026
6569,365148.996,2257792.089,889.372,BS_INV-34_T_S01,1/20/2026
6570,365175.699,2257792.099,889.47,BS_INV-34_T_S01,1/20/2026
6571,365202.296,2257792.073,889.647,BS_INV-34_T_S01,1/20/2026
6572,365252.144,2257792.057,890.329,BS_INV-34_T_S01,1/20/2026
6573,365278.731,2257792.032,890.403,BS_INV-34_T_S01,1/20/2026
6574,365305.284,2257792.093,890.689,BS_INV-34_T_S01,1/20/2026
6575,365331.832,2257792.05,890.834,BS_INV-34_T_S01,1/20/2026
6576,365358.402,2257792.084,891.022,BS_INV-34_T_S01,1/20/2026
6577,365385.128,2257792.095,891.015,BS_INV-34_T_S01,1/20/2026
6578,365411.56,2257792.045,891.337,BS_INV-34_T_S01,1/20/2026
6579,365438.325,2257792.051,891.759,BS_INV-34_T_S01,1/20/2026
6580,365069.326,2257831.02,889.815,BS_INV-34_T_S01,1/20/2026
6581,365042.802,2257811.596,889.871,BS_INV-34_T_S01,1/20/2026
6582,365095.895,2257811.516,889.845,BS_INV-34_T_S01,1/20/2026
6583,365122.504,2257811.555,889.778,BS_INV-34_T_S01,1/20/2026
6584,365149.028,2257811.567,889.821,BS_INV-34_T_S01,1/20/2026
6586,365202.239,2257811.578,889.884,BS_INV-34_T_S01,1/20/2026
6587,365252.137,2257811.6,890.163,BS_INV-34_T_S01,1/20/2026
6588,365278.638,2257811.578,890.503,BS_INV-34_T_S01,1/20/2026
6589,365305.342,2257811.555,890.545,BS_INV-34_T_S01,1/20/2026
6590,365331.896,2257811.573,890.474,BS_INV-34_T_S01,1/20/2026
6591,365358.576,2257811.566,890.555,BS_INV-34_T_S01,1/20/2026
6592,365385.021,2257811.568,890.984,BS_INV-34_T_S01,1/20/2026
6593,365411.675,2257811.54,891.095,BS_INV-34_T_S01,1/20/2026
6594,365438.347,2257811.55,891.509,BS_INV-34_T_S01,1/20/2026
6595,365069.468,2257811.597,889.818,BS_INV-34_T_S01,1/20/2026
7998,364415.983,2258162.488,893.038,BS_INV-34_T_S01,1/20/2026
7999,364020.55,2258182.108,888.405,BS_INV-34_T_S01,1/20/2026
8000,364047.1,2258182.002,888.499,BS_INV-34_T_S01,1/20/2026
8001,364073.727,2258182.02,888.654,BS_INV-34_T_S01,1/20/2026
8002,364100.271,2258182.01,888.823,BS_INV-34_T_S01,1/20/2026
8003,364126.882,2258182.063,889.059,BS_INV-34_T_S01,1/20/2026
8004,364153.452,2258182.035,889.217,BS_INV-34_T_S01,1/20/2026
8005,364180.039,2258182.026,889.5,BS_INV-34_T_S01,1/20/2026
8006,364229.839,2258182.037,889.948,BS_INV-34_T_S01,1/20/2026
8007,364256.474,2258182.007,890.166,BS_INV-34_T_S01,1/20/2026
8008,364283.028,2258182.033,890.464,BS_INV-34_T_S01,1/20/2026
8009,364309.685,2258182.024,890.596,BS_INV-34_T_S01,1/20/2026
8010,364336.269,2258181.984,891.031,BS_INV-34_T_S01,1/20/2026
8011,364389.395,2258162.522,892.484,BS_INV-34_T_S01,1/20/2026
8012,364362.849,2258181.972,891.514,BS_INV-34_T_S01,1/20/2026
8013,364415.985,2258182.024,892.739,BS_INV-34_T_S01,1/20/2026
8026,364389.383,2258182.004,892.152,BS_INV-34_T_S01,1/20/2026
8028,364362.826,2258162.546,891.981,BS_INV-34_T_S01,1/20/2026
8029,364309.685,2258162.507,891.067,BS_INV-34_T_S01,1/20/2026
8033,364020.546,2258142.964,888.649,BS_INV-34_T_S01,1/20/2026
8034,364047.155,2258142.933,888.871,BS_INV-34_T_S01,1/20/2026
8035,364073.643,2258142.969,889.166,BS_INV-34_T_S01,1/20/2026
8036,364100.263,2258143.008,889.226,BS_INV-34_T_S01,1/20/2026
8037,364126.842,2258142.996,889.52,BS_INV-34_T_S01,1/20/2026
8038,364153.487,2258143.009,889.674,BS_INV-34_T_S01,1/20/2026
8039,364179.999,2258143.025,889.951,BS_INV-34_T_S01,1/20/2026
8040,364229.802,2258142.962,890.483,BS_INV-34_T_S01,1/20/2026
8041,364256.556,2258142.981,890.64,BS_INV-34_T_S01,1/20/2026
8042,364282.985,2258142.968,890.988,BS_INV-34_T_S01,1/20/2026
8043,364336.229,2258162.53,891.343,BS_INV-34_T_S01,1/20/2026
8044,364309.604,2258142.994,891.309,BS_INV-34_T_S01,1/20/2026
8045,364362.826,2258142.958,892.425,BS_INV-34_T_S01,1/20/2026
8046,364389.356,2258142.973,893.088,BS_INV-34_T_S01,1/20/2026
8047,364416.049,2258142.92,893.887,BS_INV-34_T_S01,1/20/2026
8048,364020.505,2258162.514,888.405,BS_INV-34_T_S01,1/20/2026
8049,364047.051,2258162.567,888.347,BS_INV-34_T_S01,1/20/2026
8050,364073.665,2258162.566,888.738,BS_INV-34_T_S01,1/20/2026
8051,364100.257,2258162.527,889.012,BS_INV-34_T_S01,1/20/2026
8052,364126.88,2258162.52,889.189,BS_INV-34_T_S01,1/20/2026
8053,364153.44,2258162.517,889.467,BS_INV-34_T_S01,1/20/2026
8054,364180.008,2258162.528,889.65,BS_INV-34_T_S01,1/20/2026
8055,364229.859,2258162.527,890.088,BS_INV-34_T_S01,1/20/2026
8056,364256.491,2258162.541,890.311,BS_INV-34_T_S01,1/20/2026
8057,364283.012,2258162.552,890.631,BS_INV-34_T_S01,1/20/2026
8058,364336.143,2258142.91,891.838,BS_INV-34_T_S01,1/20/2026
8284,364754.876,2258026.018,893.851,BS_INV-34_T_S01,1/20/2026
8285,364781.581,2258026.026,893.537,BS_INV-34_T_S01,1/20/2026
8286,364808.123,2258026.016,893.364,BS_INV-34_T_S01,1/20/2026
8287,364834.678,2258025.98,893.25,BS_INV-34_T_S01,1/20/2026
8288,364861.264,2258025.97,893.164,BS_INV-34_T_S01,1/20/2026
8289,364887.898,2258025.99,893.304,BS_INV-34_T_S01,1/20/2026
8290,364914.508,2258026.024,893.289,BS_INV-34_T_S01,1/20/2026
8291,364941.084,2258026.028,893.158,BS_INV-34_T_S01,1/20/2026
8292,364656.379,2258006.514,894.402,BS_INV-34_T_S01,1/20/2026
8293,364683.003,2258006.511,893.641,BS_INV-34_T_S01,1/20/2026
8294,364705.184,2258006.511,893.204,BS_INV-34_T_S01,1/20/2026
8295,364754.993,2258006.531,892.853,BS_INV-34_T_S01,1/20/2026
8296,364781.638,2258006.411,892.614,BS_INV-34_T_S01,1/20/2026
8298,364808.245,2258006.531,892.393,BS_INV-34_T_S01,1/20/2026
8299,364861.415,2258006.509,892.29,BS_INV-34_T_S01,1/20/2026
8300,364888.017,2258006.494,892.267,BS_INV-34_T_S01,1/20/2026
8301,364914.587,2258006.514,892.15,BS_INV-34_T_S01,1/20/2026
8302,364941.17,2258006.464,892.064,BS_INV-34_T_S01,1/20/2026
8312,364834.835,2258006.51,892.247,BS_INV-34_T_S01,1/20/2026
8568,364705.205,2258026.043,894.253,BS_INV-34_T_S01,1/20/2026
8633,364682.848,2258025.95,894.805,BS_INV-34_T_S01,1/20/2026
8634,364941.181,2258045.474,891.98,BS_INV-34_T_S01,1/20/2026
8959,364656.299,2258064.957,895.925,BS_INV-34_T_S01,1/20/2026
8960,364682.873,2258065.035,894.902,BS_INV-34_T_S01,1/20/2026
8961,364705.127,2258064.946,894.432,BS_INV-34_T_S01,1/20/2026
8962,364754.942,2258064.999,893.188,BS_INV-34_T_S01,1/20/2026
8963,364781.548,2258064.979,892.566,BS_INV-34_T_S01,1/20/2026
8964,364808.18,2258064.957,892.311,BS_INV-34_T_S01,1/20/2026
8966,364834.687,2258065.018,892.075,BS_INV-34_T_S01,1/20/2026
8967,364887.961,2258064.986,892.084,BS_INV-34_T_S01,1/20/2026
8968,364914.535,2258065.017,892.122,BS_INV-34_T_S01,1/20/2026
8969,364941.08,2258065.022,891.974,BS_INV-34_T_S01,1/20/2026
8970,364656.377,2258045.454,894.721,BS_INV-34_T_S01,1/20/2026
8971,364682.926,2258045.474,893.774,BS_INV-34_T_S01,1/20/2026
8972,364705.193,2258045.446,893.228,BS_INV-34_T_S01,1/20/2026
8973,364755.047,2258045.483,892.744,BS_INV-34_T_S01,1/20/2026
8974,364781.633,2258045.453,892.462,BS_INV-34_T_S01,1/20/2026
8975,364808.268,2258045.465,892.258,BS_INV-34_T_S01,1/20/2026
8976,364834.798,2258045.441,892.112,BS_INV-34_T_S01,1/20/2026
8977,364861.393,2258045.505,892.104,BS_INV-34_T_S01,1/20/2026
8978,364888.048,2258045.46,892.083,BS_INV-34_T_S01,1/20/2026
8979,364914.534,2258045.479,892.235,BS_INV-34_T_S01,1/20/2026
8980,364861.35,2258065.039,891.989,BS_INV-34_T_S01,1/20/2026
9077,364656.344,2258025.977,895.525,BS_INV-34_T_S01,1/20/2026
14423,365149.153,2257752.959,889.031,BS_INV-34_T_S01,1/20/2026
14424,365175.715,2257752.908,889.435,BS_INV-34_T_S01,1/20/2026
14425,365202.387,2257752.938,889.6,BS_INV-34_T_S01,1/20/2026
14426,365252.141,2257752.956,890.168,BS_INV-34_T_S01,1/20/2026
14427,365278.742,2257752.952,890.415,BS_INV-34_T_S01,1/20/2026
14428,365305.322,2257753.003,890.557,BS_INV-34_T_S01,1/20/2026
14429,365331.946,2257752.954,890.874,BS_INV-34_T_S01,1/20/2026
14430,365358.495,2257753.006,891.021,BS_INV-34_T_S01,1/20/2026
14431,365385.042,2257752.967,891.229,BS_INV-34_T_S01,1/20/2026
14432,365411.644,2257753.004,891.561,BS_INV-34_T_S01,1/20/2026
14433,365438.237,2257752.999,891.847,BS_INV-34_T_S01,1/20/2026
14434,365042.733,2257733.433,887.885,BS_INV-34_T_S01,1/20/2026
14435,365069.298,2257733.405,888.356,BS_INV-34_T_S01,1/20/2026
14436,365122.582,2257752.937,888.633,BS_INV-34_T_S01,1/20/2026
14437,365095.907,2257733.444,888.62,BS_INV-34_T_S01,1/20/2026
14438,365149.107,2257733.426,888.897,BS_INV-34_T_S01,1/20/2026
14439,365175.66,2257733.419,889.431,BS_INV-34_T_S01,1/20/2026
14440,365202.177,2257733.392,889.588,BS_INV-34_T_S01,1/20/2026
14441,365252.065,2257733.436,890.098,BS_INV-34_T_S01,1/20/2026
14442,365278.648,2257733.412,890.331,BS_INV-34_T_S01,1/20/2026
14443,365305.36,2257733.458,890.64,BS_INV-34_T_S01,1/20/2026
14444,365331.77,2257733.43,890.67,BS_INV-34_T_S01,1/20/2026
14445,365358.439,2257733.442,890.883,BS_INV-34_T_S01,1/20/2026
14446,365385.174,2257733.408,891.071,BS_INV-34_T_S01,1/20/2026
14447,365411.639,2257733.432,891.249,BS_INV-34_T_S01,1/20/2026
14448,365438.256,2257733.42,891.265,BS_INV-34_T_S01,1/20/2026
14451,365122.495,2257733.425,888.695,BS_INV-34_T_S01,1/20/2026
14453,365095.928,2257752.93,888.521,BS_INV-34_T_S01,1/20/2026
14454,365042.865,2257752.918,887.896,BS_INV-34_T_S01,1/20/2026
14468,365069.391,2257752.973,888.065,BS_INV-34_T_S01,1/20/2026
14469,365042.8,2257772.52,888.72,BS_INV-34_T_S01,1/20/2026
14470,365096.061,2257772.533,888.737,BS_INV-34_T_S01,1/20/2026
14471,365122.537,2257772.5,888.817,BS_INV-34_T_S01,1/20/2026
14472,365149.148,2257772.534,889.257,BS_INV-34_T_S01,1/20/2026
14473,365175.663,2257772.51,889.262,BS_INV-34_T_S01,1/20/2026
14474,365202.278,2257772.542,889.592,BS_INV-34_T_S01,1/20/2026
14475,365252.128,2257772.505,890.284,BS_INV-34_T_S01,1/20/2026
14476,365278.672,2257772.562,890.369,BS_INV-34_T_S01,1/20/2026
14477,365305.272,2257772.551,890.51,BS_INV-34_T_S01,1/20/2026
14478,365331.946,2257772.613,890.632,BS_INV-34_T_S01,1/20/2026
14479,365358.506,2257772.545,890.773,BS_INV-34_T_S01,1/20/2026
14480,365385.13,2257772.619,891.027,BS_INV-34_T_S01,1/20/2026
14481,365411.744,2257772.599,891.384,BS_INV-34_T_S01,1/20/2026
14482,365438.234,2257772.544,891.632,BS_INV-34_T_S01,1/20/2026
14483,365069.37,2257772.522,888.797,BS_INV-34_T_S01,1/20/2026
15759,364256.486,2257928.513,894.994,BS_INV-34_T_S01,1/20/2026
15760,364283.084,2257928.538,896.023,BS_INV-34_T_S01,1/20/2026
15761,364309.608,2257928.479,897.048,BS_INV-34_T_S01,1/20/2026
15762,364336.158,2257928.533,897.895,BS_INV-34_T_S01,1/20/2026
15763,364362.72,2257928.514,898.39,BS_INV-34_T_S01,1/20/2026
15764,364389.555,2257928.48,898.716,BS_INV-34_T_S01,1/20/2026
15765,364415.937,2257928.451,898.915,BS_INV-34_T_S01,1/20/2026
15766,364020.427,2257909.091,889.45,BS_INV-34_T_S01,1/20/2026
15767,364047.143,2257909.094,889.637,BS_INV-34_T_S01,1/20/2026
15768,364073.729,2257909.017,889.963,BS_INV-34_T_S01,1/20/2026
15769,364100.283,2257909.077,890.172,BS_INV-34_T_S01,1/20/2026
15770,364126.864,2257909.099,890.631,BS_INV-34_T_S01,1/20/2026
15771,364153.434,2257909.103,891.404,BS_INV-34_T_S01,1/20/2026
15772,364180.011,2257909.023,892.389,BS_INV-34_T_S01,1/20/2026
15773,364229.866,2257909.08,894.428,BS_INV-34_T_S01,1/20/2026
15774,364256.405,2257909.044,895.653,BS_INV-34_T_S01,1/20/2026
15775,364282.958,2257909.1,896.641,BS_INV-34_T_S01,1/20/2026
15776,364309.571,2257909.023,897.366,BS_INV-34_T_S01,1/20/2026
15777,364336.214,2257908.92,898.018,BS_INV-34_T_S01,1/20/2026
15778,364362.686,2257909.011,898.245,BS_INV-34_T_S01,1/20/2026
15779,364389.365,2257909.017,898.303,BS_INV-34_T_S01,1/20/2026
15780,364415.938,2257909.078,898.387,BS_INV-34_T_S01,1/20/2026
15781,364020.559,2257889.538,889.707,BS_INV-34_T_S01,1/20/2026
15782,364047.048,2257889.55,889.871,BS_INV-34_T_S01,1/20/2026
15783,364073.699,2257889.582,890.134,BS_INV-34_T_S01,1/20/2026
15784,364100.268,2257889.467,890.552,BS_INV-34_T_S01,1/20/2026
15785,364126.92,2257889.413,890.991,BS_INV-34_T_S01,1/20/2026
15786,364229.874,2257928.515,893.852,BS_INV-34_T_S01,1/20/2026
15787,364180.101,2257928.533,892.133,BS_INV-34_T_S01,1/20/2026
15788,364153.522,2257928.493,891.45,BS_INV-34_T_S01,1/20/2026
15789,364126.975,2257928.495,890.709,BS_INV-34_T_S01,1/20/2026
15803,364153.601,2257889.485,891.67,BS_INV-34_T_S01,1/20/2026
15814,364020.584,2257928.491,889.474,BS_INV-34_T_S01,1/20/2026
15815,364047.195,2257928.543,889.619,BS_INV-34_T_S01,1/20/2026
15816,364073.738,2257928.565,889.853,BS_INV-34_T_S01,1/20/2026
15817,364100.398,2257928.509,890.119,BS_INV-34_T_S01,1/20/2026
15819,364180.113,2257889.525,892.642,BS_INV-34_T_S01,1/20/2026
15820,364229.865,2257889.54,894.901,BS_INV-34_T_S01,1/20/2026
15821,364256.531,2257889.492,895.636,BS_INV-34_T_S01,1/20/2026
15822,364362.793,2258123.504,893.031,BS_INV-34_T_S01,1/20/2026
15823,364389.401,2258123.568,893.824,BS_INV-34_T_S01,1/20/2026
15824,364020.46,2258104.074,889.029,BS_INV-34_T_S01,1/20/2026
15825,364047.032,2258104.025,889.258,BS_INV-34_T_S01,1/20/2026
15826,364073.688,2258104.038,889.495,BS_INV-34_T_S01,1/20/2026
15827,364100.163,2258104.035,889.671,BS_INV-34_T_S01,1/20/2026
15828,364126.817,2258104.064,889.822,BS_INV-34_T_S01,1/20/2026
15829,364153.451,2258103.973,890.072,BS_INV-34_T_S01,1/20/2026
15830,364180.041,2258104.042,890.168,BS_INV-34_T_S01,1/20/2026
15831,364229.864,2258104.004,890.841,BS_INV-34_T_S01,1/20/2026
15832,364256.402,2258104.027,891.02,BS_INV-34_T_S01,1/20/2026
15833,364283.029,2258104.003,891.592,BS_INV-34_T_S01,1/20/2026
15834,364309.437,2258103.977,892.203,BS_INV-34_T_S01,1/20/2026
15835,364336.257,2258123.559,892.406,BS_INV-34_T_S01,1/20/2026
15836,364336.19,2258104.008,892.657,BS_INV-34_T_S01,1/20/2026
15837,364389.336,2258103.982,894.186,BS_INV-34_T_S01,1/20/2026
15838,364020.538,2258084.537,889.205,BS_INV-34_T_S01,1/20/2026
15839,364047.025,2258084.452,889.252,BS_INV-34_T_S01,1/20/2026
15840,364073.557,2258084.482,889.502,BS_INV-34_T_S01,1/20/2026
15841,364100.276,2258084.393,889.695,BS_INV-34_T_S01,1/20/2026
15842,364126.84,2258084.47,889.8,BS_INV-34_T_S01,1/20/2026
15843,364153.337,2258084.444,889.953,BS_INV-34_T_S01,1/20/2026
15844,364179.867,2258084.445,890.157,BS_INV-34_T_S01,1/20/2026
15845,364229.805,2258084.498,890.93,BS_INV-34_T_S01,1/20/2026
15846,364256.358,2258084.462,891.303,BS_INV-34_T_S01,1/20/2026
15847,364282.935,2258084.504,891.834,BS_INV-34_T_S01,1/20/2026
15848,364309.569,2258084.509,892.603,BS_INV-34_T_S01,1/20/2026
15849,364336.109,2258084.444,893.157,BS_INV-34_T_S01,1/20/2026
15850,364362.812,2258104.018,893.35,BS_INV-34_T_S01,1/20/2026
15852,364309.615,2258123.608,891.785,BS_INV-34_T_S01,1/20/2026
15853,364256.546,2258123.569,891.199,BS_INV-34_T_S01,1/20/2026
15854,364283.119,2257889.491,896.549,BS_INV-34_T_S01,1/20/2026
15855,364309.501,2257889.451,897.375,BS_INV-34_T_S01,1/20/2026
15856,364336.129,2257889.447,897.845,BS_INV-34_T_S01,1/20/2026
15857,364362.825,2257889.497,898.195,BS_INV-34_T_S01,1/20/2026
15858,364389.364,2257889.533,898.172,BS_INV-34_T_S01,1/20/2026
15859,364416.157,2257889.473,897.941,BS_INV-34_T_S01,1/20/2026
15860,364020.581,2257947.984,889.325,BS_INV-34_T_S01,1/20/2026
15861,364047.073,2257948.059,889.414,BS_INV-34_T_S01,1/20/2026
15862,364073.792,2257947.971,889.522,BS_INV-34_T_S01,1/20/2026
15863,364100.332,2257947.984,889.771,BS_INV-34_T_S01,1/20/2026
15864,364126.89,2257947.966,890.265,BS_INV-34_T_S01,1/20/2026
15865,364153.487,2257948.007,890.739,BS_INV-34_T_S01,1/20/2026
15866,364180.069,2257947.993,891.42,BS_INV-34_T_S01,1/20/2026
15867,364283.075,2258123.565,891.374,BS_INV-34_T_S01,1/20/2026
15868,364229.895,2257948.002,892.953,BS_INV-34_T_S01,1/20/2026
15869,364282.994,2257947.988,895.237,BS_INV-34_T_S01,1/20/2026
15870,364309.539,2257947.995,896.262,BS_INV-34_T_S01,1/20/2026
15871,364336.169,2257947.989,897.343,BS_INV-34_T_S01,1/20/2026
15872,364362.756,2257948.018,898.119,BS_INV-34_T_S01,1/20/2026
15874,364020.587,2258123.487,889,BS_INV-34_T_S01,1/20/2026
15875,364047.052,2258123.515,889.336,BS_INV-34_T_S01,1/20/2026
15876,364073.696,2258123.533,889.46,BS_INV-34_T_S01,1/20/2026
15877,364100.299,2258123.561,889.976,BS_INV-34_T_S01,1/20/2026
15878,364126.874,2258123.56,890.199,BS_INV-34_T_S01,1/20/2026
15879,364153.515,2258123.569,890.05,BS_INV-34_T_S01,1/20/2026
15880,364180.109,2258123.59,890.261,BS_INV-34_T_S01,1/20/2026
15881,364229.878,2258123.543,890.97,BS_INV-34_T_S01,1/20/2026
15882,364256.478,2257947.992,893.987,BS_INV-34_T_S01,1/20/2026
15883,364362.824,2258084.458,893.879,BS_INV-34_T_S01,1/20/2026
16010,364389.29,2258084.457,894.949,BS_INV-34_T_S01,1/20/2026
16011,364020.463,2258065.035,889.465,BS_INV-34_T_S01,1/20/2026
16012,364047.155,2258065.011,889.538,BS_INV-34_T_S01,1/20/2026
16040,364941.015,2257870.043,890.771,BS_INV-34_T_S01,1/20/2026
16041,364914.439,2257870.056,890.372,BS_INV-34_T_S01,1/20/2026
16042,364887.928,2257870.065,889.783,BS_INV-34_T_S01,1/20/2026
16043,364861.404,2257870.084,889.174,BS_INV-34_T_S01,1/20/2026
16044,364941.048,2257909.094,891.562,BS_INV-34_T_S01,1/20/2026
16045,364519.154,2257928.404,897.175,BS_INV-34_T_S01,1/20/2026
16046,364545.871,2257928.44,896.357,BS_INV-34_T_S01,1/20/2026
16047,364572.255,2257928.516,895.319,BS_INV-34_T_S01,1/20/2026
16048,364598.839,2257928.501,894.26,BS_INV-34_T_S01,1/20/2026
16049,364625.46,2257928.493,893.674,BS_INV-34_T_S01,1/20/2026
16050,364652.04,2257928.487,893.061,BS_INV-34_T_S01,1/20/2026
16051,364678.597,2257928.482,892.535,BS_INV-34_T_S01,1/20/2026
16052,364705.21,2257928.505,892.227,BS_INV-34_T_S01,1/20/2026
16053,364755.036,2257928.508,892.041,BS_INV-34_T_S01,1/20/2026
16054,364781.604,2257928.533,891.862,BS_INV-34_T_S01,1/20/2026
16055,364808.227,2257928.497,891.562,BS_INV-34_T_S01,1/20/2026
16056,364834.821,2257928.495,891.199,BS_INV-34_T_S01,1/20/2026
16058,364861.469,2257928.5,891.089,BS_INV-34_T_S01,1/20/2026
16059,364914.628,2257928.472,891.691,BS_INV-34_T_S01,1/20/2026
16060,364941.161,2257928.537,891.647,BS_INV-34_T_S01,1/20/2026
16061,364545.555,2257870.002,893.469,BS_INV-34_T_S01,1/20/2026
16062,364572.161,2257869.951,892.66,BS_INV-34_T_S01,1/20/2026
16063,364598.697,2257870.008,891.999,BS_INV-34_T_S01,1/20/2026
16064,364625.307,2257869.977,891.483,BS_INV-34_T_S01,1/20/2026
16065,364651.938,2257870.009,890.985,BS_INV-34_T_S01,1/20/2026
16066,364678.448,2257870.111,890.306,BS_INV-34_T_S01,1/20/2026
16067,364705.079,2257870.031,889.394,BS_INV-34_T_S01,1/20/2026
16068,364754.898,2257869.972,888.688,BS_INV-34_T_S01,1/20/2026
16069,364781.523,2257870.012,888.633,BS_INV-34_T_S01,1/20/2026
16070,364808.101,2257870.056,888.716,BS_INV-34_T_S01,1/20/2026
16071,364834.702,2257870.037,888.702,BS_INV-34_T_S01,1/20/2026
16072,364888.071,2257928.486,891.305,BS_INV-34_T_S01,1/20/2026
16105,364914.434,2257908.994,891.352,BS_INV-34_T_S01,1/20/2026
16137,364887.874,2257909.039,890.828,BS_INV-34_T_S01,1/20/2026
16138,364861.357,2257908.979,890.563,BS_INV-34_T_S01,1/20/2026
16139,364834.708,2257909.001,890.575,BS_INV-34_T_S01,1/20/2026
16140,364179.954,2258025.998,890.46,BS_INV-34_T_S01,1/20/2026
16141,364229.782,2258026.007,891.256,BS_INV-34_T_S01,1/20/2026
16142,364256.44,2258025.99,891.788,BS_INV-34_T_S01,1/20/2026
16143,364282.916,2258026.047,892.456,BS_INV-34_T_S01,1/20/2026
16144,364309.507,2258026.062,893.439,BS_INV-34_T_S01,1/20/2026
16145,364336.132,2258026.067,894.555,BS_INV-34_T_S01,1/20/2026
16146,364362.824,2258026.023,895.963,BS_INV-34_T_S01,1/20/2026
16147,364389.499,2258026.113,897,BS_INV-34_T_S01,1/20/2026
16148,364020.522,2258006.464,889.064,BS_INV-34_T_S01,1/20/2026
16149,364047.166,2258006.475,889.233,BS_INV-34_T_S01,1/20/2026
16150,364073.728,2258006.5,889.397,BS_INV-34_T_S01,1/20/2026
16151,364100.389,2258006.45,889.739,BS_INV-34_T_S01,1/20/2026
16152,364126.893,2258006.484,889.958,BS_INV-34_T_S01,1/20/2026
16153,364153.612,2258026.001,890.061,BS_INV-34_T_S01,1/20/2026
16154,364153.515,2258006.495,890.237,BS_INV-34_T_S01,1/20/2026
16155,364229.896,2258006.503,891.62,BS_INV-34_T_S01,1/20/2026
16156,364256.553,2258006.506,892.248,BS_INV-34_T_S01,1/20/2026
16157,364283.077,2258006.467,893.1,BS_INV-34_T_S01,1/20/2026
16158,364309.67,2258006.478,894.234,BS_INV-34_T_S01,1/20/2026
16159,364336.213,2258006.515,895.532,BS_INV-34_T_S01,1/20/2026
16160,364362.745,2258006.486,896.591,BS_INV-34_T_S01,1/20/2026
16161,364389.368,2258006.526,897.837,BS_INV-34_T_S01,1/20/2026
16162,364020.655,2257986.989,889.318,BS_INV-34_T_S01,1/20/2026
16163,364047.129,2257986.981,889.428,BS_INV-34_T_S01,1/20/2026
16164,364073.707,2257986.958,889.77,BS_INV-34_T_S01,1/20/2026
16165,364100.33,2257986.956,890.096,BS_INV-34_T_S01,1/20/2026
16166,364126.882,2257987.004,890.331,BS_INV-34_T_S01,1/20/2026
16167,364153.459,2257987.025,890.829,BS_INV-34_T_S01,1/20/2026
16168,364180.093,2258006.557,890.571,BS_INV-34_T_S01,1/20/2026
16169,364180.016,2257986.956,891.393,BS_INV-34_T_S01,1/20/2026
16170,364126.849,2258026.043,889.628,BS_INV-34_T_S01,1/20/2026
16171,364073.626,2258026.055,889.277,BS_INV-34_T_S01,1/20/2026
16172,364073.668,2258065.022,889.774,BS_INV-34_T_S01,1/20/2026
16173,364100.239,2258064.984,889.777,BS_INV-34_T_S01,1/20/2026
16174,364126.844,2258065.048,890.022,BS_INV-34_T_S01,1/20/2026
16175,364153.466,2258065.092,890.19,BS_INV-34_T_S01,1/20/2026
16176,364180.013,2258065.108,890.403,BS_INV-34_T_S01,1/20/2026
16177,364229.868,2258065.086,891.084,BS_INV-34_T_S01,1/20/2026
16178,364256.419,2258065.062,891.66,BS_INV-34_T_S01,1/20/2026
16179,364283.052,2258065.031,892.019,BS_INV-34_T_S01,1/20/2026
16180,364309.576,2258065.096,892.684,BS_INV-34_T_S01,1/20/2026
16181,364336.238,2258065.104,893.516,BS_INV-34_T_S01,1/20/2026
16182,364362.824,2258064.978,894.631,BS_INV-34_T_S01,1/20/2026
16183,364389.278,2258065.037,895.842,BS_INV-34_T_S01,1/20/2026
16184,364020.309,2258045.65,889.157,BS_INV-34_T_S01,1/20/2026
16185,364100.156,2258026.016,889.418,BS_INV-34_T_S01,1/20/2026
16186,364047.078,2258045.507,889.366,BS_INV-34_T_S01,1/20/2026
16187,364100.183,2258045.552,889.623,BS_INV-34_T_S01,1/20/2026
16188,364126.803,2258045.531,889.753,BS_INV-34_T_S01,1/20/2026
16189,364153.457,2258045.547,890.019,BS_INV-34_T_S01,1/20/2026
16190,364180.113,2258045.602,890.858,BS_INV-34_T_S01,1/20/2026
16191,364229.821,2258045.583,892.178,BS_INV-34_T_S01,1/20/2026
16192,364256.442,2258045.546,892.597,BS_INV-34_T_S01,1/20/2026
16193,364283.043,2258045.575,893.209,BS_INV-34_T_S01,1/20/2026
16194,364309.657,2258045.596,894.042,BS_INV-34_T_S01,1/20/2026
16195,364336.232,2258045.629,895.102,BS_INV-34_T_S01,1/20/2026
16196,364362.697,2258045.585,896.401,BS_INV-34_T_S01,1/20/2026
16197,364389.417,2258045.574,897.466,BS_INV-34_T_S01,1/20/2026
16198,364020.441,2258026.039,889.108,BS_INV-34_T_S01,1/20/2026
16199,364047.055,2258026.022,889.263,BS_INV-34_T_S01,1/20/2026
16200,364073.749,2258045.494,889.546,BS_INV-34_T_S01,1/20/2026
16202,364229.912,2257987.001,892.079,BS_INV-34_T_S01,1/20/2026
16203,364283.007,2257987.02,893.787,BS_INV-34_T_S01,1/20/2026
16204,364941.232,2258123.506,891.516,BS_INV-34_T_S01,1/20/2026
16205,364519.078,2257889.537,895.321,BS_INV-34_T_S01,1/20/2026
16206,364545.612,2257889.539,894.606,BS_INV-34_T_S01,1/20/2026
16207,364572.124,2257889.533,893.791,BS_INV-34_T_S01,1/20/2026
16208,364598.805,2257889.487,892.852,BS_INV-34_T_S01,1/20/2026
16209,364625.327,2257889.508,892.314,BS_INV-34_T_S01,1/20/2026
16210,364651.972,2257889.498,891.886,BS_INV-34_T_S01,1/20/2026
16211,364678.537,2257889.459,891.421,BS_INV-34_T_S01,1/20/2026
16212,364704.897,2257889.449,890.805,BS_INV-34_T_S01,1/20/2026
16213,364755.036,2257889.536,890.175,BS_INV-34_T_S01,1/20/2026
16214,364781.553,2257889.533,890.181,BS_INV-34_T_S01,1/20/2026
16215,364808.133,2257889.499,890.19,BS_INV-34_T_S01,1/20/2026
16216,364834.739,2257889.519,889.922,BS_INV-34_T_S01,1/20/2026
16217,364914.561,2258123.495,891.61,BS_INV-34_T_S01,1/20/2026
16218,364861.411,2257889.47,890.192,BS_INV-34_T_S01,1/20/2026
16219,364914.46,2257889.552,891.035,BS_INV-34_T_S01,1/20/2026
16220,364941.033,2257889.518,891.36,BS_INV-34_T_S01,1/20/2026
16221,364519.089,2257908.992,896.198,BS_INV-34_T_S01,1/20/2026
16222,364545.634,2257908.995,895.385,BS_INV-34_T_S01,1/20/2026
16223,364572.201,2257908.987,894.565,BS_INV-34_T_S01,1/20/2026
16224,364598.868,2257909,893.632,BS_INV-34_T_S01,1/20/2026
16225,364625.265,2257908.954,893.074,BS_INV-34_T_S01,1/20/2026
16226,364651.919,2257909.052,892.502,BS_INV-34_T_S01,1/20/2026
16227,364678.49,2257908.965,891.998,BS_INV-34_T_S01,1/20/2026
16228,364705.178,2257909.004,891.528,BS_INV-34_T_S01,1/20/2026
16229,364754.839,2257909.083,891.046,BS_INV-34_T_S01,1/20/2026
16230,364781.513,2257909.035,891.1,BS_INV-34_T_S01,1/20/2026
16231,364808.173,2257909.043,890.91,BS_INV-34_T_S01,1/20/2026
16232,364887.922,2257889.501,890.514,BS_INV-34_T_S01,1/20/2026
16233,364256.415,2257986.997,892.887,BS_INV-34_T_S01,1/20/2026
16234,364887.988,2258123.532,891.48,BS_INV-34_T_S01,1/20/2026
16235,364834.871,2258123.502,891.825,BS_INV-34_T_S01,1/20/2026
16236,364309.703,2257986.966,895.108,BS_INV-34_T_S01,1/20/2026
16237,364336.116,2257986.993,896.382,BS_INV-34_T_S01,1/20/2026
16238,364362.602,2257986.97,897.57,BS_INV-34_T_S01,1/20/2026
16239,364389.265,2257986.999,898.462,BS_INV-34_T_S01,1/20/2026
16240,364020.572,2257967.47,889.228,BS_INV-34_T_S01,1/20/2026
16241,364047.159,2257967.489,889.254,BS_INV-34_T_S01,1/20/2026
16242,364073.681,2257967.48,889.61,BS_INV-34_T_S01,1/20/2026
16243,364100.414,2257967.472,889.66,BS_INV-34_T_S01,1/20/2026
16244,364126.929,2257967.524,890.032,BS_INV-34_T_S01,1/20/2026
16245,364153.445,2257967.578,890.502,BS_INV-34_T_S01,1/20/2026
16246,364180.117,2257967.499,891.062,BS_INV-34_T_S01,1/20/2026
16247,364229.902,2257967.514,892.379,BS_INV-34_T_S01,1/20/2026
16248,364256.408,2257967.513,893.273,BS_INV-34_T_S01,1/20/2026
16249,364861.496,2258123.524,891.604,BS_INV-34_T_S01,1/20/2026
16250,364283.032,2257967.5,894.358,BS_INV-34_T_S01,1/20/2026
16251,364336.192,2257967.485,896.693,BS_INV-34_T_S01,1/20/2026
16252,364362.839,2257967.5,897.757,BS_INV-34_T_S01,1/20/2026
16253,364389.404,2257967.474,898.554,BS_INV-34_T_S01,1/20/2026
16254,364545.706,2258123.5,897.789,BS_INV-34_T_S01,1/20/2026
16255,364572.365,2258123.552,897.288,BS_INV-34_T_S01,1/20/2026
16256,364598.895,2258123.538,896.522,BS_INV-34_T_S01,1/20/2026
16257,364625.478,2258123.61,895.354,BS_INV-34_T_S01,1/20/2026
16258,364651.98,2258123.533,894.399,BS_INV-34_T_S01,1/20/2026
16259,364678.622,2258123.491,893.69,BS_INV-34_T_S01,1/20/2026
16260,364705.258,2258123.53,893.253,BS_INV-34_T_S01,1/20/2026
16261,364755.067,2258123.469,892.669,BS_INV-34_T_S01,1/20/2026
16262,364781.67,2258123.459,892.345,BS_INV-34_T_S01,1/20/2026
16263,364808.251,2258123.481,891.996,BS_INV-34_T_S01,1/20/2026
16264,364309.646,2257967.503,895.659,BS_INV-34_T_S01,1/20/2026
17795,364781.538,2258260.037,892.556,BS_INV-34_T_S01,1/20/2026
17796,364808.115,2258260.034,892.109,BS_INV-34_T_S01,1/20/2026
17797,364834.694,2258260.071,891.557,BS_INV-34_T_S01,1/20/2026
17798,364861.367,2258260.02,891.296,BS_INV-34_T_S01,1/20/2026
17799,364887.954,2258260.022,891.251,BS_INV-34_T_S01,1/20/2026
17800,364914.518,2258260.021,891.235,BS_INV-34_T_S01,1/20/2026
17801,364941.083,2258260.08,891.225,BS_INV-34_T_S01,1/20/2026
17822,364754.957,2258260.023,892.959,BS_INV-34_T_S01,1/20/2026
17823,364705.141,2258260.073,893.434,BS_INV-34_T_S01,1/20/2026
17824,364678.527,2258260,893.557,BS_INV-34_T_S01,1/20/2026
17825,364651.91,2258260.039,893.537,BS_INV-34_T_S01,1/20/2026
17826,364781.601,2258221.021,892.586,BS_INV-34_T_S01,1/20/2026
17827,364808.171,2258221.038,892.237,BS_INV-34_T_S01,1/20/2026
17828,364834.788,2258220.97,891.779,BS_INV-34_T_S01,1/20/2026
17829,364861.346,2258220.976,891.588,BS_INV-34_T_S01,1/20/2026
17830,364887.979,2258220.996,891.342,BS_INV-34_T_S01,1/20/2026
17831,364914.535,2258221.029,891.533,BS_INV-34_T_S01,1/20/2026
17832,364941.151,2258221.005,891.385,BS_INV-34_T_S01,1/20/2026
17833,364519.09,2258240.55,893.756,BS_INV-34_T_S01,1/20/2026
17834,364545.569,2258240.512,893.765,BS_INV-34_T_S01,1/20/2026
17835,364572.185,2258240.514,893.685,BS_INV-34_T_S01,1/20/2026
17836,364598.811,2258240.542,893.549,BS_INV-34_T_S01,1/20/2026
17837,364625.43,2258240.561,893.713,BS_INV-34_T_S01,1/20/2026
17838,364651.897,2258240.496,893.846,BS_INV-34_T_S01,1/20/2026
17840,364678.637,2258240.518,893.72,BS_INV-34_T_S01,1/20/2026
17841,364755.042,2258240.54,892.881,BS_INV-34_T_S01,1/20/2026
17842,364781.596,2258240.511,892.641,BS_INV-34_T_S01,1/20/2026
17843,364808.185,2258240.557,892.324,BS_INV-34_T_S01,1/20/2026
17844,364834.859,2258240.59,891.967,BS_INV-34_T_S01,1/20/2026
17845,364861.396,2258240.524,891.692,BS_INV-34_T_S01,1/20/2026
17846,364887.93,2258240.553,891.551,BS_INV-34_T_S01,1/20/2026
17847,364914.559,2258240.53,891.72,BS_INV-34_T_S01,1/20/2026
17848,364941.122,2258240.547,891.616,BS_INV-34_T_S01,1/20/2026
17849,364519.009,2258260.029,893.324,BS_INV-34_T_S01,1/20/2026
17850,364545.644,2258260.041,893.501,BS_INV-34_T_S01,1/20/2026
17851,364572.141,2258260.027,893.404,BS_INV-34_T_S01,1/20/2026
17852,364598.646,2258259.997,893.359,BS_INV-34_T_S01,1/20/2026
17853,364625.295,2258260.075,893.524,BS_INV-34_T_S01,1/20/2026
17854,364705.213,2258240.53,893.424,BS_INV-34_T_S01,1/20/2026
17887,364755.038,2258221.026,892.967,BS_INV-34_T_S01,1/20/2026
17920,364705.182,2258221.032,893.569,BS_INV-34_T_S01,1/20/2026
17921,364652.054,2258220.991,893.898,BS_INV-34_T_S01,1/20/2026
17992,364519.07,2258201.594,894.219,BS_INV-34_T_S01,1/20/2026
17993,364545.733,2258201.536,894.096,BS_INV-34_T_S01,1/20/2026
17994,364572.266,2258201.499,894.148,BS_INV-34_T_S01,1/20/2026
17995,364598.886,2258201.557,893.861,BS_INV-34_T_S01,1/20/2026
17996,364625.392,2258201.537,893.832,BS_INV-34_T_S01,1/20/2026
17997,364652.094,2258201.529,893.737,BS_INV-34_T_S01,1/20/2026
17999,364678.651,2258201.493,893.518,BS_INV-34_T_S01,1/20/2026
18000,364754.994,2258201.579,892.571,BS_INV-34_T_S01,1/20/2026
18001,364781.552,2258201.516,892.295,BS_INV-34_T_S01,1/20/2026
18002,364808.192,2258201.514,891.992,BS_INV-34_T_S01,1/20/2026
18003,364834.699,2258201.523,891.708,BS_INV-34_T_S01,1/20/2026
18004,364861.291,2258201.514,891.351,BS_INV-34_T_S01,1/20/2026
18005,364887.885,2258201.56,891.324,BS_INV-34_T_S01,1/20/2026
18006,364914.468,2258201.547,891.128,BS_INV-34_T_S01,1/20/2026
18007,364941.135,2258201.589,891.219,BS_INV-34_T_S01,1/20/2026
18008,364518.966,2258221.011,893.758,BS_INV-34_T_S01,1/20/2026
18009,364545.694,2258221.017,893.874,BS_INV-34_T_S01,1/20/2026
18010,364572.187,2258221,893.863,BS_INV-34_T_S01,1/20/2026
18011,364598.809,2258221.009,893.753,BS_INV-34_T_S01,1/20/2026
18012,364625.379,2258221.095,893.918,BS_INV-34_T_S01,1/20/2026
18013,364705.204,2258201.502,893.144,BS_INV-34_T_S01,1/20/2026
18014,364678.698,2258221.038,893.655,BS_INV-34_T_S01,1/20/2026
18025,364020.564,2258201.61,888.339,BS_INV-34_T_S01,1/20/2026
18026,364047.156,2258201.502,888.54,BS_INV-34_T_S01,1/20/2026
18027,364073.666,2258201.569,888.44,BS_INV-34_T_S01,1/20/2026
18028,364100.253,2258201.556,888.629,BS_INV-34_T_S01,1/20/2026
18029,364126.884,2258201.54,888.801,BS_INV-34_T_S01,1/20/2026
18031,364153.516,2258201.513,888.929,BS_INV-34_T_S01,1/20/2026
18032,364229.89,2258201.526,889.641,BS_INV-34_T_S01,1/20/2026
18033,364256.499,2258201.449,889.902,BS_INV-34_T_S01,1/20/2026
18034,364283.138,2258201.491,890.091,BS_INV-34_T_S01,1/20/2026
18035,364309.638,2258201.55,890.396,BS_INV-34_T_S01,1/20/2026
18036,364336.345,2258201.532,890.705,BS_INV-34_T_S01,1/20/2026
18037,364362.838,2258201.629,891.152,BS_INV-34_T_S01,1/20/2026
18038,364389.374,2258201.563,891.656,BS_INV-34_T_S01,1/20/2026
18039,364416.023,2258201.563,892.428,BS_INV-34_T_S01,1/20/2026
18045,364180.097,2258201.504,889.128,BS_INV-34_T_S01,1/20/2026
23901,365411.697,2257948.051,891.027,BS_INV-34_T_S01,1/20/2026
23902,365438.348,2257947.982,891.34,BS_INV-34_T_S01,1/20/2026
23903,365016.159,2257967.624,891.853,BS_INV-34_T_S01,1/20/2026
23904,365042.775,2257967.581,891.551,BS_INV-34_T_S01,1/20/2026
23905,365069.356,2257967.582,891.522,BS_INV-34_T_S01,1/20/2026
23906,365095.908,2257967.547,891.53,BS_INV-34_T_S01,1/20/2026
23907,365122.505,2257967.565,891.505,BS_INV-34_T_S01,1/20/2026
23908,365149.121,2257967.573,891.335,BS_INV-34_T_S01,1/20/2026
23909,365175.702,2257967.557,891.334,BS_INV-34_T_S01,1/20/2026
23910,365202.321,2257967.572,891.204,BS_INV-34_T_S01,1/20/2026
23911,365252.133,2257967.529,890.879,BS_INV-34_T_S01,1/20/2026
23912,365278.769,2257967.486,890.753,BS_INV-34_T_S01,1/20/2026
23913,365305.311,2257967.515,890.985,BS_INV-34_T_S01,1/20/2026
23914,365331.875,2257967.564,891.113,BS_INV-34_T_S01,1/20/2026
23915,365358.502,2257967.482,891.149,BS_INV-34_T_S01,1/20/2026
23916,365385.06,2257967.488,891.336,BS_INV-34_T_S01,1/20/2026
23917,365411.657,2257967.524,891.29,BS_INV-34_T_S01,1/20/2026
23918,365438.302,2257967.52,891.506,BS_INV-34_T_S01,1/20/2026
23919,365016.167,2257987.085,891.779,BS_INV-34_T_S01,1/20/2026
23920,365042.848,2257987.116,891.407,BS_INV-34_T_S01,1/20/2026
23921,365069.308,2257987.066,891.429,BS_INV-34_T_S01,1/20/2026
23922,365095.935,2257987.116,891.347,BS_INV-34_T_S01,1/20/2026
23923,365122.479,2257987.053,891.364,BS_INV-34_T_S01,1/20/2026
23924,365149.102,2257987.065,891.362,BS_INV-34_T_S01,1/20/2026
23925,365175.779,2257987.086,891.325,BS_INV-34_T_S01,1/20/2026
23926,365202.312,2257987.048,890.932,BS_INV-34_T_S01,1/20/2026
23927,365252.175,2257987.061,890.659,BS_INV-34_T_S01,1/20/2026
23928,365385.092,2257948.057,891.028,BS_INV-34_T_S01,1/20/2026
23929,365358.445,2257948.019,890.694,BS_INV-34_T_S01,1/20/2026
23930,365331.9,2257948.052,890.64,BS_INV-34_T_S01,1/20/2026
23931,365305.291,2257947.979,890.833,BS_INV-34_T_S01,1/20/2026
23932,365411.689,2257909.044,891.41,BS_INV-34_T_S01,1/20/2026
23933,365438.358,2257909.045,891.503,BS_INV-34_T_S01,1/20/2026
23934,365016.234,2257928.466,892.092,BS_INV-34_T_S01,1/20/2026
23935,365042.796,2257928.479,892.079,BS_INV-34_T_S01,1/20/2026
23936,365069.407,2257928.487,891.905,BS_INV-34_T_S01,1/20/2026
23937,365095.999,2257928.432,891.756,BS_INV-34_T_S01,1/20/2026
23938,365122.603,2257928.514,891.796,BS_INV-34_T_S01,1/20/2026
23939,365149.143,2257928.512,891.659,BS_INV-34_T_S01,1/20/2026
23940,365175.68,2257928.548,891.194,BS_INV-34_T_S01,1/20/2026
23941,365202.366,2257928.533,891.082,BS_INV-34_T_S01,1/20/2026
23942,365252.141,2257928.623,890.977,BS_INV-34_T_S01,1/20/2026
23943,365278.693,2257928.549,891.09,BS_INV-34_T_S01,1/20/2026
23944,365305.344,2257928.597,891.214,BS_INV-34_T_S01,1/20/2026
23945,365278.706,2257987.078,890.615,BS_INV-34_T_S01,1/20/2026
23946,365331.895,2257928.581,891.311,BS_INV-34_T_S01,1/20/2026
23947,365385.087,2257928.541,891.351,BS_INV-34_T_S01,1/20/2026
23948,365411.726,2257928.547,891.611,BS_INV-34_T_S01,1/20/2026
23949,365438.237,2257928.528,891.838,BS_INV-34_T_S01,1/20/2026
23950,365016.13,2257948.045,891.81,BS_INV-34_T_S01,1/20/2026
23951,365042.679,2257948.017,891.573,BS_INV-34_T_S01,1/20/2026
23952,365069.351,2257948.032,891.518,BS_INV-34_T_S01,1/20/2026
23953,365095.957,2257948.026,891.615,BS_INV-34_T_S01,1/20/2026
23954,365122.531,2257947.979,891.556,BS_INV-34_T_S01,1/20/2026
23955,365149.165,2257947.995,891.343,BS_INV-34_T_S01,1/20/2026
23956,365175.78,2257947.998,891.342,BS_INV-34_T_S01,1/20/2026
23957,365202.282,2257947.992,891.127,BS_INV-34_T_S01,1/20/2026
23958,365252.093,2257948.004,890.893,BS_INV-34_T_S01,1/20/2026
23959,365278.772,2257948.034,890.701,BS_INV-34_T_S01,1/20/2026
23960,365358.45,2257928.611,891.292,BS_INV-34_T_S01,1/20/2026
23961,365305.32,2257987.107,890.521,BS_INV-34_T_S01,1/20/2026
23962,365331.899,2257987.038,890.551,BS_INV-34_T_S01,1/20/2026
23963,365358.564,2257987.059,890.803,BS_INV-34_T_S01,1/20/2026
23964,365385.118,2258026.019,890.852,BS_INV-34_T_S01,1/20/2026
23965,365411.73,2258025.998,890.903,BS_INV-34_T_S01,1/20/2026
23966,365438.391,2258025.916,891.288,BS_INV-34_T_S01,1/20/2026
23967,365016.182,2258045.449,892.024,BS_INV-34_T_S01,1/20/2026
23968,365042.735,2258045.477,891.821,BS_INV-34_T_S01,1/20/2026
23969,365069.353,2258045.493,891.723,BS_INV-34_T_S01,1/20/2026
23970,365095.944,2258045.446,891.555,BS_INV-34_T_S01,1/20/2026
23971,365122.6,2258045.465,891.595,BS_INV-34_T_S01,1/20/2026
23972,365149.172,2258045.474,891.552,BS_INV-34_T_S01,1/20/2026
23973,365175.765,2258045.461,891.431,BS_INV-34_T_S01,1/20/2026
23974,365202.32,2258045.45,891.349,BS_INV-34_T_S01,1/20/2026
23975,365252.205,2258045.482,891.373,BS_INV-34_T_S01,1/20/2026
23976,365278.75,2258045.471,891.516,BS_INV-34_T_S01,1/20/2026
23977,365358.455,2258026.01,890.745,BS_INV-34_T_S01,1/20/2026
23978,365305.394,2258045.513,891.354,BS_INV-34_T_S01,1/20/2026
23979,365358.529,2258045.479,891.076,BS_INV-34_T_S01,1/20/2026
23980,365385.126,2258045.491,891.362,BS_INV-34_T_S01,1/20/2026
23981,365411.605,2258045.475,891.442,BS_INV-34_T_S01,1/20/2026
23982,365438.305,2258045.544,891.678,BS_INV-34_T_S01,1/20/2026
23983,365016.189,2258065.008,891.677,BS_INV-34_T_S01,1/20/2026
23984,365042.723,2258065.001,891.523,BS_INV-34_T_S01,1/20/2026
23985,365069.365,2258065.029,891.512,BS_INV-34_T_S01,1/20/2026
23986,365095.968,2258064.986,891.488,BS_INV-34_T_S01,1/20/2026
23987,365122.525,2258064.951,891.543,BS_INV-34_T_S01,1/20/2026
23988,365149.184,2258065.084,891.456,BS_INV-34_T_S01,1/20/2026
23989,365175.764,2258065.031,891.35,BS_INV-34_T_S01,1/20/2026
23990,365202.339,2258065.104,891.271,BS_INV-34_T_S01,1/20/2026
23991,365252.178,2258064.963,891.266,BS_INV-34_T_S01,1/20/2026
23992,365331.942,2258045.487,891.046,BS_INV-34_T_S01,1/20/2026
23993,365385.068,2257908.99,891.088,BS_INV-34_T_S01,1/20/2026
23994,365331.947,2258026.003,890.633,BS_INV-34_T_S01,1/20/2026
23995,365278.767,2258026.048,890.775,BS_INV-34_T_S01,1/20/2026
23996,365385.198,2257987.111,890.738,BS_INV-34_T_S01,1/20/2026
23997,365411.676,2257987.054,890.993,BS_INV-34_T_S01,1/20/2026
23998,365438.299,2257987.042,891.142,BS_INV-34_T_S01,1/20/2026
23999,365016.236,2258006.525,891.99,BS_INV-34_T_S01,1/20/2026
24000,365042.802,2258006.527,891.854,BS_INV-34_T_S01,1/20/2026
24001,365069.41,2258006.52,891.572,BS_INV-34_T_S01,1/20/2026
24002,365096.014,2258006.536,891.425,BS_INV-34_T_S01,1/20/2026
24003,365122.578,2258006.526,891.468,BS_INV-34_T_S01,1/20/2026
24004,365149.154,2258006.544,891.458,BS_INV-34_T_S01,1/20/2026
24005,365175.731,2258006.534,891.203,BS_INV-34_T_S01,1/20/2026
24006,365202.349,2258006.518,891.249,BS_INV-34_T_S01,1/20/2026
24007,365252.194,2258006.524,890.96,BS_INV-34_T_S01,1/20/2026
24008,365278.766,2258006.525,891.011,BS_INV-34_T_S01,1/20/2026
24009,365305.324,2258025.976,890.667,BS_INV-34_T_S01,1/20/2026
24010,365305.336,2258006.475,890.96,BS_INV-34_T_S01,1/20/2026
24011,365358.457,2258006.495,890.669,BS_INV-34_T_S01,1/20/2026
24012,365385.111,2258006.52,890.896,BS_INV-34_T_S01,1/20/2026
24013,365411.707,2258006.5,891.214,BS_INV-34_T_S01,1/20/2026
24014,365438.313,2258006.471,891.356,BS_INV-34_T_S01,1/20/2026
24015,365016.131,2258026.013,893.172,BS_INV-34_T_S01,1/20/2026
24016,365042.605,2258026.072,892.941,BS_INV-34_T_S01,1/20/2026
24017,365069.26,2258026.043,892.646,BS_INV-34_T_S01,1/20/2026
24018,365095.908,2258026.061,892.584,BS_INV-34_T_S01,1/20/2026
24019,365122.486,2258026.053,892.486,BS_INV-34_T_S01,1/20/2026
24020,365149.099,2258026.045,892.432,BS_INV-34_T_S01,1/20/2026
24021,365175.714,2258025.961,892.171,BS_INV-34_T_S01,1/20/2026
24022,365202.344,2258026.002,892.031,BS_INV-34_T_S01,1/20/2026
24023,365252.09,2258025.957,891.227,BS_INV-34_T_S01,1/20/2026
24024,365331.865,2258006.485,890.773,BS_INV-34_T_S01,1/20/2026
24025,365278.754,2258065.054,891.179,BS_INV-34_T_S01,1/20/2026
24026,365358.416,2257909.043,891,BS_INV-34_T_S01,1/20/2026
24027,365305.343,2257909.018,890.813,BS_INV-34_T_S01,1/20/2026
24091,365411.782,2257870.041,891.065,BS_INV-34_T_S01,1/20/2026
24092,365438.289,2257870.044,891.336,BS_INV-34_T_S01,1/20/2026
24093,365016.142,2257889.58,891.463,BS_INV-34_T_S01,1/20/2026
24094,365042.697,2257889.543,891.216,BS_INV-34_T_S01,1/20/2026
24095,365069.36,2257889.541,891.205,BS_INV-34_T_S01,1/20/2026
24096,365096.004,2257889.522,890.944,BS_INV-34_T_S01,1/20/2026
24097,365122.466,2257889.553,890.77,BS_INV-34_T_S01,1/20/2026
24098,365149.124,2257889.558,890.522,BS_INV-34_T_S01,1/20/2026
24099,365175.743,2257889.573,890.59,BS_INV-34_T_S01,1/20/2026
24100,365202.278,2257889.516,890.781,BS_INV-34_T_S01,1/20/2026
24101,365252.084,2257889.502,890.608,BS_INV-34_T_S01,1/20/2026
24102,365278.748,2257889.531,890.702,BS_INV-34_T_S01,1/20/2026
24103,365305.355,2257889.54,890.909,BS_INV-34_T_S01,1/20/2026
24104,365385.138,2257870.054,890.817,BS_INV-34_T_S01,1/20/2026
24105,365331.898,2257889.57,890.907,BS_INV-34_T_S01,1/20/2026
24106,365385.106,2257889.593,891.493,BS_INV-34_T_S01,1/20/2026
24107,365411.759,2257889.553,891.618,BS_INV-34_T_S01,1/20/2026
24108,365438.316,2257889.557,891.648,BS_INV-34_T_S01,1/20/2026
24109,365016.089,2257909.048,891.542,BS_INV-34_T_S01,1/20/2026
24110,365042.714,2257909.09,891.335,BS_INV-34_T_S01,1/20/2026
24111,365069.347,2257909.09,891.011,BS_INV-34_T_S01,1/20/2026
24112,365095.911,2257909.033,890.983,BS_INV-34_T_S01,1/20/2026
24113,365122.536,2257909.038,891.088,BS_INV-34_T_S01,1/20/2026
24114,365149.084,2257909.111,890.846,BS_INV-34_T_S01,1/20/2026
24115,365175.685,2257909.014,890.799,BS_INV-34_T_S01,1/20/2026
24116,365202.386,2257909.092,890.583,BS_INV-34_T_S01,1/20/2026
24117,365252.085,2257909.093,890.483,BS_INV-34_T_S01,1/20/2026
24118,365278.699,2257909.086,890.76,BS_INV-34_T_S01,1/20/2026
24119,365358.538,2257889.662,891.245,BS_INV-34_T_S01,1/20/2026
24120,365331.811,2257909.092,890.813,BS_INV-34_T_S01,1/20/2026
24121,365358.496,2257870.05,890.757,BS_INV-34_T_S01,1/20/2026
24122,365305.32,2257870.045,890.717,BS_INV-34_T_S01,1/20/2026
24136,365331.839,2257870.04,890.737,BS_INV-34_T_S01,1/20/2026
24141,365016.057,2257870.044,891.094,BS_INV-34_T_S01,1/20/2026
24142,365042.763,2257870.04,890.893,BS_INV-34_T_S01,1/20/2026
24143,365069.271,2257870.06,890.684,BS_INV-34_T_S01,1/20/2026
24144,365096.017,2257869.998,890.581,BS_INV-34_T_S01,1/20/2026
24145,365122.494,2257870.159,890.561,BS_INV-34_T_S01,1/20/2026
24146,365149.053,2257870.001,890.447,BS_INV-34_T_S01,1/20/2026
24147,365175.722,2257870.076,890.359,BS_INV-34_T_S01,1/20/2026
24148,365202.239,2257870.038,890.32,BS_INV-34_T_S01,1/20/2026
24149,365252.068,2257870.093,890.576,BS_INV-34_T_S01,1/20/2026
24150,365278.704,2257870.007,890.709,BS_INV-34_T_S01,1/20/2026
24152,365305.283,2258065.117,891.206,BS_INV-34_T_S01,1/20/2026
24153,365331.875,2258065.013,891.097,BS_INV-34_T_S01,1/20/2026
24154,365358.435,2258065.057,891.021,BS_INV-34_T_S01,1/20/2026
24155,365385.21,2258260.026,892.753,BS_INV-34_T_S01,1/20/2026
24156,365411.796,2258260.023,892.8,BS_INV-34_T_S01,1/20/2026
24157,365438.342,2258260.086,892.964,BS_INV-34_T_S01,1/20/2026
24182,365358.57,2258260.073,892.847,BS_INV-34_T_S01,1/20/2026
24183,365331.935,2258260.047,892.689,BS_INV-34_T_S01,1/20/2026
24184,365305.311,2258259.999,892.528,BS_INV-34_T_S01,1/20/2026
24185,365278.676,2258259.975,892.437,BS_INV-34_T_S01,1/20/2026
24186,365385.335,2258221.024,892.326,BS_INV-34_T_S01,1/20/2026
24187,365411.834,2258221.011,892.503,BS_INV-34_T_S01,1/20/2026
24188,365438.404,2258221.003,892.698,BS_INV-34_T_S01,1/20/2026
24189,365016.249,2258240.501,891.289,BS_INV-34_T_S01,1/20/2026
24190,365042.775,2258240.532,891.352,BS_INV-34_T_S01,1/20/2026
24191,365069.315,2258240.56,891.29,BS_INV-34_T_S01,1/20/2026
24192,365095.973,2258240.543,891.491,BS_INV-34_T_S01,1/20/2026
24193,365122.472,2258240.541,891.557,BS_INV-34_T_S01,1/20/2026
24194,365149.141,2258240.508,891.741,BS_INV-34_T_S01,1/20/2026
24195,365175.759,2258240.51,892.089,BS_INV-34_T_S01,1/20/2026
24196,365202.261,2258240.593,892.202,BS_INV-34_T_S01,1/20/2026
24197,365252.155,2258240.524,892.353,BS_INV-34_T_S01,1/20/2026
24198,365278.678,2258240.524,892.296,BS_INV-34_T_S01,1/20/2026
24200,365305.309,2258240.594,892.285,BS_INV-34_T_S01,1/20/2026
24201,365358.504,2258240.573,892.424,BS_INV-34_T_S01,1/20/2026
24202,365385.164,2258240.52,892.439,BS_INV-34_T_S01,1/20/2026
24203,365411.759,2258240.521,892.542,BS_INV-34_T_S01,1/20/2026
24204,365438.274,2258240.528,892.844,BS_INV-34_T_S01,1/20/2026
24205,365016.105,2258260.124,891.104,BS_INV-34_T_S01,1/20/2026
24206,365042.744,2258260.061,891.172,BS_INV-34_T_S01,1/20/2026
24207,365069.341,2258260.115,891.212,BS_INV-34_T_S01,1/20/2026
24208,365095.907,2258260.041,891.334,BS_INV-34_T_S01,1/20/2026
24209,365122.536,2258260.035,891.528,BS_INV-34_T_S01,1/20/2026
24210,365149.172,2258260.077,891.794,BS_INV-34_T_S01,1/20/2026
24211,365175.701,2258260.099,892.173,BS_INV-34_T_S01,1/20/2026
24212,365202.359,2258260.04,892.238,BS_INV-34_T_S01,1/20/2026
24213,365252.002,2258259.992,892.424,BS_INV-34_T_S01,1/20/2026
24214,365331.987,2258240.557,892.349,BS_INV-34_T_S01,1/20/2026
24247,365358.555,2258221.051,892.336,BS_INV-34_T_S01,1/20/2026
24279,365331.981,2258221.064,892.316,BS_INV-34_T_S01,1/20/2026
24280,365305.345,2258221.021,892.344,BS_INV-34_T_S01,1/20/2026
24281,365278.725,2258221.042,892.319,BS_INV-34_T_S01,1/20/2026
24282,365385.12,2258103.993,891.378,BS_INV-34_T_S01,1/20/2026
24283,365411.708,2258103.962,891.574,BS_INV-34_T_S01,1/20/2026
24284,365438.264,2258103.956,891.86,BS_INV-34_T_S01,1/20/2026
24285,365016.18,2258123.466,891.468,BS_INV-34_T_S01,1/20/2026
24286,365042.797,2258123.53,891.345,BS_INV-34_T_S01,1/20/2026
24287,365069.494,2258123.515,891.427,BS_INV-34_T_S01,1/20/2026
24288,365095.99,2258123.503,891.453,BS_INV-34_T_S01,1/20/2026
24289,365122.608,2258123.477,891.494,BS_INV-34_T_S01,1/20/2026
24290,365149.224,2258123.528,891.483,BS_INV-34_T_S01,1/20/2026
24291,365175.822,2258123.503,891.54,BS_INV-34_T_S01,1/20/2026
24292,365202.393,2258123.535,891.601,BS_INV-34_T_S01,1/20/2026
24293,365252.164,2258123.55,891.747,BS_INV-34_T_S01,1/20/2026
24294,365278.779,2258123.492,891.993,BS_INV-34_T_S01,1/20/2026
24295,365358.532,2258103.998,891.457,BS_INV-34_T_S01,1/20/2026
24296,365305.386,2258123.51,892.044,BS_INV-34_T_S01,1/20/2026
24297,365358.501,2258123.53,891.918,BS_INV-34_T_S01,1/20/2026
24298,365385.107,2258123.54,891.796,BS_INV-34_T_S01,1/20/2026
24299,365411.729,2258123.473,892.033,BS_INV-34_T_S01,1/20/2026
24300,365438.284,2258123.53,892.201,BS_INV-34_T_S01,1/20/2026
24301,365016.241,2258143.045,891.382,BS_INV-34_T_S01,1/20/2026
24302,365042.808,2258143.075,891.442,BS_INV-34_T_S01,1/20/2026
24303,365069.339,2258143.081,891.271,BS_INV-34_T_S01,1/20/2026
24304,365095.917,2258143.066,891.377,BS_INV-34_T_S01,1/20/2026
24305,365122.535,2258143.151,891.288,BS_INV-34_T_S01,1/20/2026
24306,365149.036,2258143.049,891.289,BS_INV-34_T_S01,1/20/2026
24307,365175.685,2258143.043,891.248,BS_INV-34_T_S01,1/20/2026
24308,365202.354,2258143.071,891.507,BS_INV-34_T_S01,1/20/2026
24309,365252.105,2258143.072,891.684,BS_INV-34_T_S01,1/20/2026
24310,365331.938,2258123.548,892.14,BS_INV-34_T_S01,1/20/2026
24311,365278.73,2258143.1,892.132,BS_INV-34_T_S01,1/20/2026
24312,365332.004,2258103.952,891.568,BS_INV-34_T_S01,1/20/2026
24313,365278.731,2258103.956,891.644,BS_INV-34_T_S01,1/20/2026
24314,365385.045,2258065.052,891.306,BS_INV-34_T_S01,1/20/2026
24315,365411.675,2258065.046,891.328,BS_INV-34_T_S01,1/20/2026
24316,365438.283,2258065.109,891.645,BS_INV-34_T_S01,1/20/2026
24317,365016.119,2258084.517,891.348,BS_INV-34_T_S01,1/20/2026
24318,365042.714,2258084.554,891.33,BS_INV-34_T_S01,1/20/2026
24319,365069.335,2258084.498,891.418,BS_INV-34_T_S01,1/20/2026
24320,365095.906,2258084.443,891.291,BS_INV-34_T_S01,1/20/2026
24321,365122.476,2258084.488,891.352,BS_INV-34_T_S01,1/20/2026
24322,365149.102,2258084.503,891.203,BS_INV-34_T_S01,1/20/2026
24323,365175.658,2258084.473,891.266,BS_INV-34_T_S01,1/20/2026
24324,365202.235,2258084.462,891.301,BS_INV-34_T_S01,1/20/2026
24325,365252.069,2258084.481,891.409,BS_INV-34_T_S01,1/20/2026
24326,365278.667,2258084.459,891.457,BS_INV-34_T_S01,1/20/2026
24327,365305.369,2258103.97,891.653,BS_INV-34_T_S01,1/20/2026
24328,365305.271,2258084.494,891.459,BS_INV-34_T_S01,1/20/2026
24329,365358.442,2258084.473,891.193,BS_INV-34_T_S01,1/20/2026
24330,365385.032,2258084.478,891.282,BS_INV-34_T_S01,1/20/2026
24331,365411.64,2258084.467,891.547,BS_INV-34_T_S01,1/20/2026
24332,365438.299,2258084.483,891.694,BS_INV-34_T_S01,1/20/2026
24333,365016.03,2258103.952,891.218,BS_INV-34_T_S01,1/20/2026
24334,365042.771,2258104.014,891.198,BS_INV-34_T_S01,1/20/2026
24335,365069.357,2258103.953,891.171,BS_INV-34_T_S01,1/20/2026
24336,365095.845,2258103.961,891.231,BS_INV-34_T_S01,1/20/2026
24337,365122.464,2258103.909,891.074,BS_INV-34_T_S01,1/20/2026
24338,365149.161,2258103.972,891.334,BS_INV-34_T_S01,1/20/2026
24339,365175.766,2258104.01,891.315,BS_INV-34_T_S01,1/20/2026
24340,365202.338,2258104.035,891.331,BS_INV-34_T_S01,1/20/2026
24341,365252.142,2258104.009,891.421,BS_INV-34_T_S01,1/20/2026
24342,365331.901,2258084.48,891.392,BS_INV-34_T_S01,1/20/2026
24344,365305.286,2258143.109,892.241,BS_INV-34_T_S01,1/20/2026
24345,365358.453,2258143.039,891.616,BS_INV-34_T_S01,1/20/2026
24346,365385.1,2258181.98,891.666,BS_INV-34_T_S01,1/20/2026
24347,365411.725,2258182.042,891.817,BS_INV-34_T_S01,1/20/2026
24348,365438.333,2258182,892.104,BS_INV-34_T_S01,1/20/2026
24349,365016.14,2258201.489,891.166,BS_INV-34_T_S01,1/20/2026
24350,365042.768,2258201.499,891.127,BS_INV-34_T_S01,1/20/2026
24351,365069.365,2258201.54,891.2,BS_INV-34_T_S01,1/20/2026
24352,365095.958,2258201.41,891.369,BS_INV-34_T_S01,1/20/2026
24353,365122.504,2258201.407,891.487,BS_INV-34_T_S01,1/20/2026
24354,365149.115,2258201.428,891.453,BS_INV-34_T_S01,1/20/2026
24355,365175.73,2258201.384,891.71,BS_INV-34_T_S01,1/20/2026
24356,365202.283,2258201.447,891.88,BS_INV-34_T_S01,1/20/2026
24357,365252.056,2258201.416,892.114,BS_INV-34_T_S01,1/20/2026
24358,365278.658,2258201.485,892.233,BS_INV-34_T_S01,1/20/2026
24359,365358.523,2258182.061,891.874,BS_INV-34_T_S01,1/20/2026
24360,365305.282,2258201.468,892.166,BS_INV-34_T_S01,1/20/2026
24361,365358.502,2258201.496,891.932,BS_INV-34_T_S01,1/20/2026
24362,365385.03,2258201.488,892.03,BS_INV-34_T_S01,1/20/2026
24363,365411.686,2258201.475,892.129,BS_INV-34_T_S01,1/20/2026
24364,365438.353,2258201.5,892.35,BS_INV-34_T_S01,1/20/2026
24365,365016.129,2258221.024,891.357,BS_INV-34_T_S01,1/20/2026
24366,365042.79,2258221.048,891.296,BS_INV-34_T_S01,1/20/2026
24367,365069.311,2258221.097,891.319,BS_INV-34_T_S01,1/20/2026
24368,365095.943,2258221.056,891.47,BS_INV-34_T_S01,1/20/2026
24369,365122.54,2258221.048,891.481,BS_INV-34_T_S01,1/20/2026
24370,365149.107,2258221.102,891.802,BS_INV-34_T_S01,1/20/2026
24371,365175.714,2258221.036,892.046,BS_INV-34_T_S01,1/20/2026
24372,365202.234,2258221.024,892.223,BS_INV-34_T_S01,1/20/2026
24373,365252.099,2258221.032,892.463,BS_INV-34_T_S01,1/20/2026
24374,365331.854,2258201.432,892.055,BS_INV-34_T_S01,1/20/2026
24375,365331.901,2258143.074,892.08,BS_INV-34_T_S01,1/20/2026
24376,365331.974,2258182.061,892.037,BS_INV-34_T_S01,1/20/2026
24377,365278.683,2258182.042,892.091,BS_INV-34_T_S01,1/20/2026
24378,365385.004,2258143.097,891.586,BS_INV-34_T_S01,1/20/2026
24379,365411.622,2258143.107,891.557,BS_INV-34_T_S01,1/20/2026
24380,365438.308,2258143.005,891.913,BS_INV-34_T_S01,1/20/2026
24381,365016.265,2258162.492,891.301,BS_INV-34_T_S01,1/20/2026
24382,365042.754,2258162.504,891.403,BS_INV-34_T_S01,1/20/2026
24383,365069.432,2258162.517,891.272,BS_INV-34_T_S01,1/20/2026
24384,365095.948,2258162.521,891.473,BS_INV-34_T_S01,1/20/2026
24385,365122.512,2258162.479,891.52,BS_INV-34_T_S01,1/20/2026
24386,365149.231,2258162.499,891.464,BS_INV-34_T_S01,1/20/2026
24387,365175.685,2258162.52,891.562,BS_INV-34_T_S01,1/20/2026
24388,365202.307,2258162.495,891.522,BS_INV-34_T_S01,1/20/2026
24389,365252.155,2258162.51,891.764,BS_INV-34_T_S01,1/20/2026
24390,365278.743,2258162.514,892.14,BS_INV-34_T_S01,1/20/2026
24391,365305.228,2258182.021,892.157,BS_INV-34_T_S01,1/20/2026
24392,365305.305,2258162.514,892.057,BS_INV-34_T_S01,1/20/2026
24393,365358.429,2258162.473,891.705,BS_INV-34_T_S01,1/20/2026
24394,365385.161,2258162.514,891.941,BS_INV-34_T_S01,1/20/2026
24395,365411.751,2258162.473,891.857,BS_INV-34_T_S01,1/20/2026
24396,365438.272,2258162.489,891.937,BS_INV-34_T_S01,1/20/2026
24397,365016.106,2258182.028,891.31,BS_INV-34_T_S01,1/20/2026
24398,365042.748,2258182.002,891.192,BS_INV-34_T_S01,1/20/2026
24399,365069.357,2258182.003,891.308,BS_INV-34_T_S01,1/20/2026
24400,365095.904,2258182.035,891.441,BS_INV-34_T_S01,1/20/2026
24401,365122.542,2258182.045,891.425,BS_INV-34_T_S01,1/20/2026
24402,365149.144,2258182.031,891.395,BS_INV-34_T_S01,1/20/2026
24403,365175.731,2258182.028,891.499,BS_INV-34_T_S01,1/20/2026
24404,365202.303,2258182.015,891.759,BS_INV-34_T_S01,1/20/2026
24405,365251.956,2258182.028,892.006,BS_INV-34_T_S01,1/20/2026
24406,365331.924,2258162.516,891.886,BS_INV-34_T_S01,1/20/2026
27717,364652.058,2258143.024,894.125,BS_INV-34_T_S01,1/20/2026
27718,364678.593,2258143.052,893.55,BS_INV-34_T_S01,1/20/2026
27719,364705.182,2258143.023,893.102,BS_INV-34_T_S01,1/20/2026
27720,364754.991,2258143.049,892.554,BS_INV-34_T_S01,1/20/2026
27721,364781.566,2258143.061,892.215,BS_INV-34_T_S01,1/20/2026
27722,364808.156,2258143.075,892.011,BS_INV-34_T_S01,1/20/2026
27723,364834.759,2258143.039,891.936,BS_INV-34_T_S01,1/20/2026
27724,364861.308,2258143.029,891.595,BS_INV-34_T_S01,1/20/2026
27725,364888.009,2258143.047,891.404,BS_INV-34_T_S01,1/20/2026
27726,364914.535,2258143.004,891.531,BS_INV-34_T_S01,1/20/2026
27727,364941.222,2258143.012,891.574,BS_INV-34_T_S01,1/20/2026
27728,364519.05,2258162.512,896.041,BS_INV-34_T_S01,1/20/2026
27729,364545.691,2258162.5,895.943,BS_INV-34_T_S01,1/20/2026
27730,364572.225,2258162.507,895.537,BS_INV-34_T_S01,1/20/2026
27731,364598.902,2258162.46,894.73,BS_INV-34_T_S01,1/20/2026
27732,364625.387,2258162.547,894.258,BS_INV-34_T_S01,1/20/2026
27733,364652.06,2258162.478,893.699,BS_INV-34_T_S01,1/20/2026
27734,364678.662,2258162.516,893.521,BS_INV-34_T_S01,1/20/2026
27735,364705.179,2258162.514,893.14,BS_INV-34_T_S01,1/20/2026
27736,364755.077,2258162.493,892.539,BS_INV-34_T_S01,1/20/2026
27737,364781.692,2258162.492,891.989,BS_INV-34_T_S01,1/20/2026
27738,364808.189,2258162.494,891.797,BS_INV-34_T_S01,1/20/2026
27739,364834.743,2258162.513,891.611,BS_INV-34_T_S01,1/20/2026
27740,364861.353,2258162.514,891.365,BS_INV-34_T_S01,1/20/2026
27741,364888.092,2258162.458,891.286,BS_INV-34_T_S01,1/20/2026
27742,364914.635,2258162.487,891.36,BS_INV-34_T_S01,1/20/2026
27743,364941.178,2258162.536,891.268,BS_INV-34_T_S01,1/20/2026
27744,364625.484,2258143.074,894.889,BS_INV-34_T_S01,1/20/2026
27745,364598.8,2258143.065,895.842,BS_INV-34_T_S01,1/20/2026
27746,364572.29,2258143.024,896.687,BS_INV-34_T_S01,1/20/2026
27747,364545.746,2258143.04,897.036,BS_INV-34_T_S01,1/20/2026
27761,364519.073,2258181.99,895.162,BS_INV-34_T_S01,1/20/2026
27775,364519.1,2258143.062,897.159,BS_INV-34_T_S01,1/20/2026
27777,364545.647,2258181.986,895.088,BS_INV-34_T_S01,1/20/2026
27778,364572.301,2258182.035,894.685,BS_INV-34_T_S01,1/20/2026
27779,364598.827,2258182.014,894.402,BS_INV-34_T_S01,1/20/2026
27812,364625.371,2258182.017,894.152,BS_INV-34_T_S01,1/20/2026
27813,364651.987,2258181.955,893.921,BS_INV-34_T_S01,1/20/2026
27814,364678.605,2258181.936,893.657,BS_INV-34_T_S01,1/20/2026
27815,364705.678,2258181.927,893.579,BS_INV-34_T_S01,1/20/2026
27816,364755.029,2258181.964,892.762,BS_INV-34_T_S01,1/20/2026
27817,364781.573,2258181.997,892.357,BS_INV-34_T_S01,1/20/2026
27818,364808.144,2258181.988,892.081,BS_INV-34_T_S01,1/20/2026
27819,364834.799,2258182.028,891.885,BS_INV-34_T_S01,1/20/2026
27820,364861.35,2258181.991,891.77,BS_INV-34_T_S01,1/20/2026
27821,364887.964,2258181.997,891.688,BS_INV-34_T_S01,1/20/2026
27822,364914.572,2258182.042,891.43,BS_INV-34_T_S01,1/20/2026
27823,364941.174,2258181.998,891.47,BS_INV-34_T_S01,1/20/2026
38863,363993.904,2258182.042,888.471,BS_INV-34_T_S01,1/20/2026
38864,363967.279,2258182.026,888.529,BS_INV-34_T_S01,1/20/2026
38877,363967.459,2258142.996,888.66,BS_INV-34_T_S01,1/20/2026
38878,363993.903,2258142.929,888.842,BS_INV-34_T_S01,1/20/2026
38879,363967.331,2258162.542,888.53,BS_INV-34_T_S01,1/20/2026
38880,363993.91,2258162.54,888.491,BS_INV-34_T_S01,1/20/2026
38883,365016.269,2257850.668,891.006,BS_INV-34_T_S01,1/20/2026
38884,365016.216,2257831.107,890.61,BS_INV-34_T_S01,1/20/2026
38933,364989.503,2257792.109,889.915,BS_INV-34_T_S01,1/20/2026
38934,365016.184,2257792.09,889.556,BS_INV-34_T_S01,1/20/2026
38935,364989.547,2257811.556,890.594,BS_INV-34_T_S01,1/20/2026
38936,365016.167,2257811.528,890.262,BS_INV-34_T_S01,1/20/2026
38937,364989.645,2257830.987,890.785,BS_INV-34_T_S01,1/20/2026
38944,364492.469,2257948.011,898.496,BS_INV-34_T_S01,1/20/2026
38945,364519.157,2257947.955,898.005,BS_INV-34_T_S01,1/20/2026
38949,364989.59,2257850.583,891.234,BS_INV-34_T_S01,1/20/2026
39000,364634.181,2258006.506,895.249,BS_INV-34_T_S01,1/20/2026
39015,364611.909,2258006.432,896.39,BS_INV-34_T_S01,1/20/2026
39017,364634.015,2258025.947,896.437,BS_INV-34_T_S01,1/20/2026
39018,364634.123,2258045.443,895.712,BS_INV-34_T_S01,1/20/2026
39031,364611.812,2258064.984,898.179,BS_INV-34_T_S01,1/20/2026
39032,364634.062,2258064.951,896.962,BS_INV-34_T_S01,1/20/2026
39033,364611.887,2258045.444,897,BS_INV-34_T_S01,1/20/2026
39034,364611.864,2258025.989,897.608,BS_INV-34_T_S01,1/20/2026
39935,364989.568,2257772.557,889.196,BS_INV-34_T_S01,1/20/2026
39936,365016.092,2257772.55,888.843,BS_INV-34_T_S01,1/20/2026
40024,364989.614,2257752.943,888.448,BS_INV-34_T_S01,1/20/2026
40034,365016.167,2257752.926,888.159,BS_INV-34_T_S01,1/20/2026
40035,364989.592,2257733.442,887.395,BS_INV-34_T_S01,1/20/2026
40036,365016.177,2257733.443,887.617,BS_INV-34_T_S01,1/20/2026
40041,363967.404,2257928.613,889.291,BS_INV-34_T_S01,1/20/2026
40042,363993.969,2257928.485,889.304,BS_INV-34_T_S01,1/20/2026
40043,363967.384,2257909.044,889.146,BS_INV-34_T_S01,1/20/2026
40044,363993.932,2257909.061,889.115,BS_INV-34_T_S01,1/20/2026
40045,363967.328,2257889.583,889.297,BS_INV-34_T_S01,1/20/2026
40046,363993.939,2257889.542,889.398,BS_INV-34_T_S01,1/20/2026
40047,363967.345,2257947.989,889.068,BS_INV-34_T_S01,1/20/2026
40048,363993.946,2257947.984,888.948,BS_INV-34_T_S01,1/20/2026
40049,364415.868,2257947.935,898.911,BS_INV-34_T_S01,1/20/2026
40050,364442.47,2257947.924,899.036,BS_INV-34_T_S01,1/20/2026
40051,363967.442,2258123.475,888.767,BS_INV-34_T_S01,1/20/2026
40053,363994.21,2258123.495,889.038,BS_INV-34_T_S01,1/20/2026
40072,364415.987,2258123.538,894.823,BS_INV-34_T_S01,1/20/2026
40073,364442.514,2258123.533,895.926,BS_INV-34_T_S01,1/20/2026
40074,363967.33,2258104.027,888.611,BS_INV-34_T_S01,1/20/2026
40075,363993.927,2258006.463,889.092,BS_INV-34_T_S01,1/20/2026
40076,364415.894,2258006.509,898.563,BS_INV-34_T_S01,1/20/2026
40077,364442.555,2258006.417,899.173,BS_INV-34_T_S01,1/20/2026
40078,363967.355,2257986.969,889.211,BS_INV-34_T_S01,1/20/2026
40079,363993.939,2257986.971,889.419,BS_INV-34_T_S01,1/20/2026
40080,364415.993,2257986.917,899.14,BS_INV-34_T_S01,1/20/2026
40081,364442.546,2257986.978,899.459,BS_INV-34_T_S01,1/20/2026
40082,363967.413,2257967.471,889.078,BS_INV-34_T_S01,1/20/2026
40083,363993.919,2257967.468,889.157,BS_INV-34_T_S01,1/20/2026
40084,364415.918,2257967.55,899.055,BS_INV-34_T_S01,1/20/2026
40085,364442.416,2257967.434,899.311,BS_INV-34_T_S01,1/20/2026
40086,364492.569,2258123.528,897.919,BS_INV-34_T_S01,1/20/2026
40087,364519.174,2258123.489,898.03,BS_INV-34_T_S01,1/20/2026
40088,364492.473,2257869.99,895.172,BS_INV-34_T_S01,1/20/2026
40089,364519.05,2257870.017,894.31,BS_INV-34_T_S01,1/20/2026
40090,363967.393,2258006.475,888.973,BS_INV-34_T_S01,1/20/2026
40091,364441.9,2258026.096,904.461,BS_INV-34_T_S01,1/20/2026
40092,364415.921,2258026.038,898.183,BS_INV-34_T_S01,1/20/2026
40093,363993.901,2258026.025,889.004,BS_INV-34_T_S01,1/20/2026
40094,363993.842,2258104.037,888.861,BS_INV-34_T_S01,1/20/2026
40095,364415.909,2258103.994,895.43,BS_INV-34_T_S01,1/20/2026
40096,364442.576,2258103.942,896.622,BS_INV-34_T_S01,1/20/2026
40097,363967.31,2258084.562,888.692,BS_INV-34_T_S01,1/20/2026
40098,363993.848,2258084.433,889.053,BS_INV-34_T_S01,1/20/2026
40099,364416.023,2258084.469,896.387,BS_INV-34_T_S01,1/20/2026
40100,364442.285,2258084.469,897.344,BS_INV-34_T_S01,1/20/2026
40102,363967.324,2258065.032,888.839,BS_INV-34_T_S01,1/20/2026
40103,364415.869,2258065.044,897.033,BS_INV-34_T_S01,1/20/2026
40104,364442.489,2258065.035,898.094,BS_INV-34_T_S01,1/20/2026
40105,363967.267,2258045.584,888.804,BS_INV-34_T_S01,1/20/2026
40106,363993.84,2258045.641,889.104,BS_INV-34_T_S01,1/20/2026
40107,364415.917,2258045.548,898.68,BS_INV-34_T_S01,1/20/2026
40108,364442.463,2258045.539,899.516,BS_INV-34_T_S01,1/20/2026
40109,363967.237,2258026.047,888.772,BS_INV-34_T_S01,1/20/2026
40110,363993.832,2258065.085,889.231,BS_INV-34_T_S01,1/20/2026
40470,363967.292,2258201.564,888.528,BS_INV-34_T_S01,1/20/2026
40471,363993.885,2258201.441,888.526,BS_INV-34_T_S01,1/20/2026
43576,365464.872,2257850.594,891.854,BS_INV-34_T_S01,1/20/2026
43578,365464.883,2257831.086,892.211,BS_INV-34_T_S01,1/20/2026
43585,364442.552,2258181.976,893.434,BS_INV-34_T_S01,1/20/2026
43586,364442.624,2258162.523,893.769,BS_INV-34_T_S01,1/20/2026
43587,364442.554,2258143.02,894.835,BS_INV-34_T_S01,1/20/2026
43599,365464.86,2257811.546,891.981,BS_INV-34_T_S01,1/20/2026
43618,365464.856,2257792.062,891.923,BS_INV-34_T_S01,1/20/2026
43633,364967.666,2257948.027,892.134,BS_INV-34_T_S01,1/20/2026
44180,364967.688,2257870.045,891.197,BS_INV-34_T_S01,1/20/2026
44181,364967.813,2257928.499,891.87,BS_INV-34_T_S01,1/20/2026
44182,364492.591,2257928.489,897.876,BS_INV-34_T_S01,1/20/2026
44183,364967.689,2257909.029,891.831,BS_INV-34_T_S01,1/20/2026
44184,364492.531,2257909.016,896.936,BS_INV-34_T_S01,1/20/2026
44185,364967.653,2257889.484,891.84,BS_INV-34_T_S01,1/20/2026
44186,364492.472,2257889.466,896.221,BS_INV-34_T_S01,1/20/2026
44187,364967.886,2258123.511,891.707,BS_INV-34_T_S01,1/20/2026
44188,364442.529,2257889.45,897.533,BS_INV-34_T_S01,1/20/2026
44189,364442.515,2257909.101,898.277,BS_INV-34_T_S01,1/20/2026
44190,364442.469,2257928.477,898.92,BS_INV-34_T_S01,1/20/2026
44217,365464.864,2257733.394,891.506,BS_INV-34_T_S01,1/20/2026
44218,365464.81,2257752.988,891.917,BS_INV-34_T_S01,1/20/2026
44219,365464.817,2257772.544,891.86,BS_INV-34_T_S01,1/20/2026
44346,364442.601,2258201.556,893.062,BS_INV-34_T_S01,1/20/2026
44352,364967.698,2258260.095,891.429,BS_INV-34_T_S01,1/20/2026
44353,364492.387,2258259.981,892.979,BS_INV-34_T_S01,1/20/2026
44354,364967.691,2258240.598,891.73,BS_INV-34_T_S01,1/20/2026
44355,364492.5,2258240.494,893.405,BS_INV-34_T_S01,1/20/2026
44356,364967.804,2258221.015,891.427,BS_INV-34_T_S01,1/20/2026
44357,364492.433,2258220.978,893.734,BS_INV-34_T_S01,1/20/2026
44358,364967.687,2258201.531,891.476,BS_INV-34_T_S01,1/20/2026
44359,364492.436,2258201.529,894.164,BS_INV-34_T_S01,1/20/2026
44557,364967.715,2258045.472,891.964,BS_INV-34_T_S01,1/20/2026
44558,364967.732,2258064.979,891.802,BS_INV-34_T_S01,1/20/2026
44572,364967.644,2258026.059,893.196,BS_INV-34_T_S01,1/20/2026
44574,364967.717,2258006.506,892.212,BS_INV-34_T_S01,1/20/2026
45194,364967.806,2258182.031,891.72,BS_INV-34_T_S01,1/20/2026
45195,364492.456,2258181.983,894.888,BS_INV-34_T_S01,1/20/2026
45196,364967.78,2258162.444,891.516,BS_INV-34_T_S01,1/20/2026
45197,364492.449,2258162.537,895.888,BS_INV-34_T_S01,1/20/2026
45198,364967.717,2258143.062,891.463,BS_INV-34_T_S01,1/20/2026
45199,364492.554,2258143.071,896.918,BS_INV-34_T_S01,1/20/2026
45702,364989.598,2258260.037,891.446,BS_INV-34_T_S01,1/20/2026
45779,364989.588,2258084.504,891.555,BS_INV-34_T_S01,1/20/2026
45780,365464.85,2258065.053,892.166,BS_INV-34_T_S01,1/20/2026
45781,364989.593,2258064.99,891.755,BS_INV-34_T_S01,1/20/2026
45782,365464.855,2258045.509,892.151,BS_INV-34_T_S01,1/20/2026
45783,364989.541,2258045.493,892.135,BS_INV-34_T_S01,1/20/2026
45784,365464.91,2258026.013,891.766,BS_INV-34_T_S01,1/20/2026
45785,364989.52,2258026.032,893.215,BS_INV-34_T_S01,1/20/2026
45786,365464.892,2258006.468,891.633,BS_INV-34_T_S01,1/20/2026
45787,364989.593,2258006.506,892.105,BS_INV-34_T_S01,1/20/2026
45788,365464.933,2257987.051,891.649,BS_INV-34_T_S01,1/20/2026
45789,364989.543,2257987.105,891.988,BS_INV-34_T_S01,1/20/2026
45790,365464.862,2257967.518,891.892,BS_INV-34_T_S01,1/20/2026
45791,364989.514,2257967.563,892.174,BS_INV-34_T_S01,1/20/2026
45792,365464.923,2257948.006,891.739,BS_INV-34_T_S01,1/20/2026
45793,364989.563,2257948.005,892.025,BS_INV-34_T_S01,1/20/2026
45794,365464.822,2258084.499,892.076,BS_INV-34_T_S01,1/20/2026
45795,365464.797,2257928.519,892.273,BS_INV-34_T_S01,1/20/2026
45796,364989.552,2258103.953,891.36,BS_INV-34_T_S01,1/20/2026
45797,364989.554,2258123.512,891.578,BS_INV-34_T_S01,1/20/2026
45798,365465.006,2258259.989,893.131,BS_INV-34_T_S01,1/20/2026
45800,365464.986,2258240.512,892.836,BS_INV-34_T_S01,1/20/2026
45801,364989.609,2258240.57,891.446,BS_INV-34_T_S01,1/20/2026
45802,365464.932,2258220.965,893.167,BS_INV-34_T_S01,1/20/2026
45803,364989.571,2258221.046,891.423,BS_INV-34_T_S01,1/20/2026
45804,365464.955,2258201.411,892.705,BS_INV-34_T_S01,1/20/2026
45805,364989.599,2258201.518,891.363,BS_INV-34_T_S01,1/20/2026
45806,365464.905,2258181.998,892.515,BS_INV-34_T_S01,1/20/2026
45807,364989.685,2258181.992,891.443,BS_INV-34_T_S01,1/20/2026
45808,365464.945,2258162.468,892.413,BS_INV-34_T_S01,1/20/2026
45809,364989.585,2258162.472,891.349,BS_INV-34_T_S01,1/20/2026
45810,365464.875,2258143.088,892.249,BS_INV-34_T_S01,1/20/2026
45811,364989.61,2258143.023,891.246,BS_INV-34_T_S01,1/20/2026
45812,365464.909,2258123.532,892.462,BS_INV-34_T_S01,1/20/2026
45813,365464.895,2258103.98,892.228,BS_INV-34_T_S01,1/20/2026
45814,364989.621,2257928.435,892.329,BS_INV-34_T_S01,1/20/2026
45815,365464.856,2257909.007,891.906,BS_INV-34_T_S01,1/20/2026
45816,364989.489,2257909.097,891.838,BS_INV-34_T_S01,1/20/2026
45836,365464.856,2257889.537,891.82,BS_INV-34_T_S01,1/20/2026
45837,364989.511,2257889.577,891.521,BS_INV-34_T_S01,1/20/2026
45838,365464.902,2257870.096,891.659,BS_INV-34_T_S01,1/20/2026
45839,364989.507,2257870.03,891.372,BS_INV-34_T_S01,1/20/2026
46009,365227.295,2257791.973,889.984,BS_INV-34_T_S01,1/20/2026
46036,364730.037,2257948.018,892.715,BS_INV-34_T_S01,1/20/2026
46055,365227.31,2257811.475,889.924,BS_INV-34_T_S01,1/20/2026
46078,365227.303,2257831.034,890.116,BS_INV-34_T_S01,1/20/2026
46116,365227.251,2257850.529,890.194,BS_INV-34_T_S01,1/20/2026
46144,364204.97,2258182.01,889.867,BS_INV-34_T_S01,1/20/2026
46145,364204.96,2258162.56,889.959,BS_INV-34_T_S01,1/20/2026
46146,364205.011,2258143.061,890.195,BS_INV-34_T_S01,1/20/2026
46213,364730.066,2258045.497,892.973,BS_INV-34_T_S01,1/20/2026
46227,364729.99,2258006.544,892.97,BS_INV-34_T_S01,1/20/2026
46228,364730.039,2258026.004,894.059,BS_INV-34_T_S01,1/20/2026
46229,364730.006,2258064.995,893.948,BS_INV-34_T_S01,1/20/2026
46627,365227.187,2257733.475,889.879,BS_INV-34_T_S01,1/20/2026
46628,365227.233,2257752.963,890.001,BS_INV-34_T_S01,1/20/2026
46629,365227.286,2257772.489,890.024,BS_INV-34_T_S01,1/20/2026
46730,364204.923,2258006.57,890.935,BS_INV-34_T_S01,1/20/2026
46731,364204.956,2258026.037,890.711,BS_INV-34_T_S01,1/20/2026
46732,364204.854,2258045.527,891.651,BS_INV-34_T_S01,1/20/2026
46733,364204.981,2258065.044,890.592,BS_INV-34_T_S01,1/20/2026
46734,364204.974,2258084.528,890.389,BS_INV-34_T_S01,1/20/2026
46735,364204.974,2258103.981,890.36,BS_INV-34_T_S01,1/20/2026
46736,364204.949,2258123.513,890.547,BS_INV-34_T_S01,1/20/2026
46737,364204.996,2257948.038,892.008,BS_INV-34_T_S01,1/20/2026
46738,364204.967,2257889.573,893.842,BS_INV-34_T_S01,1/20/2026
46739,364204.921,2257909.035,893.188,BS_INV-34_T_S01,1/20/2026
46740,364204.939,2257928.528,892.913,BS_INV-34_T_S01,1/20/2026
46745,364204.89,2257987.022,891.419,BS_INV-34_T_S01,1/20/2026
46746,364204.961,2257967.52,891.836,BS_INV-34_T_S01,1/20/2026
46747,364730.051,2258123.521,892.95,BS_INV-34_T_S01,1/20/2026
46748,364729.983,2257889.483,890.495,BS_INV-34_T_S01,1/20/2026
46762,364730.027,2257869.908,888.932,BS_INV-34_T_S01,1/20/2026
46763,364730.035,2257928.526,892.095,BS_INV-34_T_S01,1/20/2026
46764,364730.288,2257909.003,891.155,BS_INV-34_T_S01,1/20/2026
46887,364729.988,2258259.999,893.147,BS_INV-34_T_S01,1/20/2026
46888,364730.025,2258240.514,893.289,BS_INV-34_T_S01,1/20/2026
46889,364730.07,2258221.075,893.062,BS_INV-34_T_S01,1/20/2026
46890,364730.036,2258201.53,893.138,BS_INV-34_T_S01,1/20/2026
46892,364204.964,2258201.524,889.565,BS_INV-34_T_S01,1/20/2026
47305,365227.254,2257889.52,890.562,BS_INV-34_T_S01,1/20/2026
47306,365227.198,2257870.08,890.544,BS_INV-34_T_S01,1/20/2026
47320,365227.223,2257909.057,890.507,BS_INV-34_T_S01,1/20/2026
47322,365227.301,2257928.555,891.223,BS_INV-34_T_S01,1/20/2026
47323,365227.238,2257967.571,890.935,BS_INV-34_T_S01,1/20/2026
47324,365227.313,2258260.025,892.239,BS_INV-34_T_S01,1/20/2026
47325,365227.253,2258240.538,892.192,BS_INV-34_T_S01,1/20/2026
47326,365227.247,2258221.017,892.134,BS_INV-34_T_S01,1/20/2026
47327,365227.289,2258201.511,891.949,BS_INV-34_T_S01,1/20/2026
47328,365227.252,2258182.051,891.746,BS_INV-34_T_S01,1/20/2026
47329,365227.163,2258162.538,891.605,BS_INV-34_T_S01,1/20/2026
47330,365227.137,2258143.046,891.45,BS_INV-34_T_S01,1/20/2026
47331,365227.225,2258123.532,891.677,BS_INV-34_T_S01,1/20/2026
47332,365227.21,2258104.031,891.303,BS_INV-34_T_S01,1/20/2026
47333,365227.202,2258084.56,891.232,BS_INV-34_T_S01,1/20/2026
47334,365227.225,2258065.035,891.473,BS_INV-34_T_S01,1/20/2026
47335,365227.191,2258045.559,891.234,BS_INV-34_T_S01,1/20/2026
47336,365227.227,2258026.03,891.793,BS_INV-34_T_S01,1/20/2026
47337,365227.204,2258006.522,891.063,BS_INV-34_T_S01,1/20/2026
47338,365227.216,2257987.091,890.744,BS_INV-34_T_S01,1/20/2026
47339,365227.279,2257948.058,890.786,BS_INV-34_T_S01,1/20/2026
47634,364730.022,2258182.1,893.042,BS_INV-34_T_S01,1/20/2026
47635,364730.022,2258162.521,892.79,BS_INV-34_T_S01,1/20/2026
47636,364730.017,2258143.051,892.925,BS_INV-34_T_S01,1/20/2026
400312,365226.19,2257691.971,889.3,BS_INV-34_T_S01,1/20/2026
400313,365226.134,2258262.537,891.701,BS_INV-34_T_S01,1/20/2026
400314,364205.929,2258203.914,888.92,BS_INV-34_T_S01,1/20/2026
400315,364205.958,2257887.08,892.87,BS_INV-34_T_S01,1/20/2026
400316,364729.117,2257828.558,886.039,BS_INV-34_T_S01,1/20/2026
400317,364729.112,2258262.45,892.391,BS_INV-34_T_S01,1/20/2026
400318,364732.612,2258063.918,892.408,BS_INV-34_T_S01,1/20/2026
400319,364455.154,2258044.526,897.19,BS_INV-34_T_S01,1/20/2026
400320,364202.407,2258044.459,890.004,BS_INV-34_T_S01,1/20/2026
400321,365229.69,2258024.925,890.088,BS_INV-34_T_S01,1/20/2026
400322,364592.388,2258024.908,896.16,BS_INV-34_T_S01,1/20/2026
400323,365229.67,2258027.001,890.141,BS_INV-34_T_S01,1/20/2026
400324,364592.424,2258026.902,896.251,BS_INV-34_T_S01,1/20/2026
400325,364592.34,2258063.924,896.603,BS_INV-34_T_S01,1/20/2026
600322,364599.264,2258023.908,899.723,BS_INV-34_T_S01,1/20/2026
600323,364593.429,2258023.962,899.988,BS_INV-34_T_S01,1/20/2026
600324,364605.03,2258023.965,899.4,BS_INV-34_T_S01,1/20/2026
600325,364605.093,2258027.962,899.428,BS_INV-34_T_S01,1/20/2026
600326,364593.47,2258027.869,899.915,BS_INV-34_T_S01,1/20/2026
600327,364599.363,2258027.84,899.689,BS_INV-34_T_S01,1/20/2026
600328,364453.996,2258043.524,900.948,BS_INV-34_T_S01,1/20/2026
600329,364449.447,2258043.447,900.683,BS_INV-34_T_S01,1/20/2026
600330,364453.843,2258045.368,900.9,BS_INV-34_T_S01,1/20/2026
600331,364449.385,2258045.448,900.77,BS_INV-34_T_S01,1/20/2026
600332,364599.405,2258063.076,900.247,BS_INV-34_T_S01,1/20/2026
600333,364593.64,2258063.047,900.285,BS_INV-34_T_S01,1/20/2026
600334,364604.986,2258062.995,899.968,BS_INV-34_T_S01,1/20/2026
800002,364554.261,2258052.795,896.988,BS_INV-34_T_S01,1/20/2026
